0.0	0.33333302806953324	0.0	2.919191729887147e-33	0.0
0.0026531352824552185	0.3333330271518898	0.0008843776175814649	-1.173166477197626e-6	-0.0008843623504286912
0.005306270564910437	0.33333302621894756	0.001768755232728305	-4.69258489531602e-6	-0.001768663630865942
0.007959405847365654	0.3333330252705478	0.0026531328453999314	-1.0558012222701708e-5	-0.0026528427779313503
0.010612541129820874	0.33333302430652834	0.0035375104555553324	-1.8769043429479433e-5	-0.003536838736677724
0.01326567641227609	0.3333330233267236	0.0044218880631530675	-2.93251115155194e-5	-0.004420590464807079
0.01591881169473131	0.33333302233096446	0.005306265668151256	-4.2225487549589e-5	-0.0053040369368857615
0.01857194697718653	0.33333302131907844	0.006190643270507569	-5.7469280719686234e-5	-0.006187117148558405
0.02122508225964175	0.33333302029088924	0.00707502087017922	-7.505543839455143e-5	-0.007069770120760434
0.023878217542096965	0.3333330192462171	0.007959398467122954	-9.498274619635306e-5	-0.007951934903928821
0.02653135282455218	0.33333301818487837	0.008843776061295041	-0.00011724982808454232	-0.008833550582210803
0.0291844881070074	0.33333301710668567	0.009728153652651261	-0.0001418551464508713	-0.009714556277670271
0.03183762338946262	0.3333330160114476	0.010612531241146899	-0.0001687970022255674	-0.01059489115449155
0.03449075867191784	0.33333301489896894	0.011496908826736731	-0.0001980735349946574	-0.01147449442318025
0.03714389395437306	0.33333301376905033	0.012381286409375017	-0.00022968272312843247	-0.012353305344760942
0.03979702923682828	0.3333330126214883	0.013265663989015483	-0.00026362238392104576	-0.013231263234971327
0.0424501645192835	0.3333330114560751	0.014150041565611322	-0.00029989017374123253	-0.014108307468452638
0.04510329980173871	0.33333301027259876	0.015034419139115173	-0.00033848358819414263	-0.014984377482935967
0.04775643508419393	0.3333330090708429	0.01591879670947911	-0.0003793999622942742	-0.01585941278342424
0.05040957036664915	0.33333300785058667	0.016803174276654637	-0.0004226364706494963	-0.01673335294636954
0.05306270564910436	0.3333330066116045	0.017687551840592668	-0.00046819012765614824	-0.017606137623845514
0.05571584093155959	0.33333300535366633	0.018571929401243522	-0.000516057787705202	-0.018477706547714523
0.0583689762140148	0.33333300407653715	0.019456306958556907	-0.0005662361453994725	-0.01934799953378933
0.061022111496470015	0.3333330027799773	0.020340684512481905	-0.000618721735781864	-0.020216956485988934
0.06367524677892523	0.3333330014637419	0.021225062062966964	-0.0006735109345746306	-0.021084517400488386
0.06632838206138045	0.3333330001275811	0.022109439609959886	-0.0007305999584296425	-0.02195062236986216
0.06898151734383567	0.3333329987712398	0.0229938171534078	-0.0007899848651896335	-0.02281521158722094
0.07163465262629089	0.33333299739445765	0.023878194693257172	-0.0008516615541604156	-0.023678225350341406
0.07428778790874611	0.33333299599696886	0.024762572229453765	-0.0009156257663940411	-0.024539604065788825
0.07694092319120133	0.33333299457850196	0.025646949761942643	-0.0009818730849828923	-0.02539928825303213
0.07959405847365655	0.33333299313878	0.026531327290668146	-0.0010503989353646793	-0.026257218548551172
0.08224719375611177	0.3333329916775201	0.027415704815573885	-0.0011211985856383225	-0.02711333570993593
0.084900329038567	0.3333329901944335	0.028300082336602715	-0.001194267146890702	-0.02796758061997733
0.0875534643210222	0.33333298868922534	0.02918445985369673	-0.0012695995735342474	-0.02881989429074944
0.09020659960347742	0.33333298716159454	0.030068837366797233	-0.0013471906636553469	-0.029670217867682723
0.09285973488593265	0.3333329856112337	0.03095321487584474	-0.0014270350593735515	-0.030518492633628068
0.09551287016838786	0.333332984037829	0.03183759238077894	-0.0015091272472115484	-0.03136466001291137
0.09816600545084307	0.3333329824410599	0.0327219698815387	-0.0015934615584758788	-0.03220866157537831
0.1008191407332983	0.333332980820599	0.03360634737806203	-0.001680032169648374	-0.03305043904042908
0.10347227601575351	0.33333297917611204	0.034490724870286066	-0.001768833102788283	-0.03388993428104282
0.10612541129820872	0.3333329775072577	0.03537510235814707	-0.0018598582259450615	-0.0347270893277914
0.10877854658066394	0.3333329758136872	0.0362594798415804	-0.0019531012535817986	-0.03556184637284237
0.11143168186311918	0.3333329740950444	0.03714385732052047	-0.0020485557470092458	-0.036394147773950676
0.11408481714557439	0.3333329723509656	0.03802823479490075	-0.0021462151148304237	-0.03722393605843906
0.1167379524280296	0.33333297058107914	0.03891261226465378	-0.0022460726133957734	-0.03805115392716661
0.11939108771048482	0.33333296878500535	0.03979698972971107	-0.0023481213472688195	-0.03887574425848545
0.12204422299294003	0.3333329669623565	0.04068136719000315	-0.0024523542697023164	-0.03969765011218509
0.12469735827539527	0.33333296511273625	0.04156574464545951	-0.0025587641831248415	-0.040516814733424264
0.12735049355785047	0.33333296323573985	0.04245012209600859	-0.0026673437396378045	-0.04133318155665002
0.1300036288403057	0.33333296133095364	0.04333449954157776	-0.0027780854415228365	-0.04214669420950369
0.1326567641227609	0.33333295939795493	0.04421887698209329	-0.0028909816417595235	-0.04295729651671348
0.13530989940521615	0.3333329574363117	0.04510325441748034	-0.00300602454455345	-0.04376493250397355
0.13796303468767135	0.3333329554455825	0.04598763184766289	-0.0031232062058745187	-0.044569546401809136
0.14061616997012658	0.33333295342531616	0.04687200927256378	-0.0032425185340055006	-0.045371082649427574
0.14326930525258177	0.3333329513750515	0.047756386692104656	-0.003363953290100789	-0.04616948589855487
0.145922440535037	0.333332949294317	0.048640764106205915	-0.003487502088755308	-0.04696470101725764
0.14857557581749223	0.3333329471826309	0.04952514151478672	-0.0036131563985835453	-0.04775667309375006
0.15122871109994745	0.3333329450395004	0.050409518917764955	-0.0037409075428086625	-0.04854534744018569
0.15388184638240265	0.3333329428644218	0.05129389631505719	-0.0038707466998616474	-0.04933066959643372
0.15653498166485788	0.33333294065687996	0.05217827370657866	-0.004002664903990461	-0.05011258533383963
0.1591881169473131	0.3333329384163483	0.05306265109224325	-0.004136653045879145	-0.05089104065896973
0.1618412522297683	0.33333293614228815	0.05394702847196342	-0.004272701873276838	-0.05166598181733954
0.16449438751222353	0.33333293383414864	0.05483140584565022	-0.004410801991636668	-0.052437355297125676
0.16714752279467873	0.3333329314913662	0.05571578321321324	-0.004550943864764463	-0.0532051078328609
0.169800658077134	0.33333292911336465	0.05660016057456055	-0.0046931178154772475	-0.05396918640911224
0.17245379335958919	0.3333329266995543	0.05748453792959872	-0.004837314026271474	-0.05472953826414181
0.1751069286420444	0.3333329242493319	0.05836891527823275	-0.004983522540000945	-0.05548611089355009
0.1777600639244996	0.3333329217620803	0.05925329262036602	-0.005131733260564372	-0.05623885205390151
0.18041319920695484	0.33333291923716785	0.06013766995590031	-0.005281935953602538	-0.05698770976633188
0.18306633448941007	0.3333329166739484	0.06102204728473567	-0.005434120247205001	-0.05773263232013769
0.1857194697718653	0.3333329140717603	0.06190642460677049	-0.005588275632626295	-0.05847356827634684
0.1883726050543205	0.3333329114299266	0.06279080192190138	-0.005744391465011587	-0.05921046647127053
0.19102574033677572	0.3333329087477543	0.06367517923002314	-0.005902456964131723	-0.05994327602003629
0.19367887561923094	0.3333329060245338	0.06455955653102875	-0.006062461215127627	-0.06067194632010158
0.19633201090168614	0.33333290325953874	0.06544393382480933	-0.006224393169264	-0.0613964270547481
0.19898514618414137	0.3333329004520253	0.066328311111254	-0.006388241644692256	-0.06211666819655613
0.2016382814665966	0.3333328976012318	0.06721268839025	-0.006553995327222652	-0.0628326200108591
0.2042914167490518	0.3333328947063781	0.06809706566168248	-0.006721642771105559	-0.06354423305917778
0.20694455203150702	0.3333328917666652	0.06898144292543454	-0.006891172399821817	-0.06425145820263416
0.20959768731396222	0.3333328887812746	0.06986582018138718	-0.0070625725068821175	-0.06495424660534452
0.21225082259641745	0.3333328857493678	0.07075019742941918	-0.00723583125663536	-0.06565254973779164
0.2149039578788727	0.33333288267008565	0.07163457466940716	-0.007410936685085932	-0.06634631938017584
0.21755709316132787	0.3333328795425478	0.0725189519012254	-0.00758787670071985	-0.0670355076257446
0.22021022844378313	0.333332876365852	0.0734033291247459	-0.007766639085339695	-0.06772006688410068
0.22286336372623836	0.33333287313907356	0.07428770633983821	-0.007947211494908318	-0.06839994988448816
0.22551649900869356	0.33333286986126465	0.07517208354636946	-0.008129581460401216	-0.06907510967905672
0.22816963429114878	0.3333328665314535	0.07605646074420429	-0.008313736388667538	-0.06974549964610333
0.23082276957360398	0.33333286314864385	0.07694083793320469	-0.00849966356329968	-0.07041107349329154
0.2334759048560592	0.33333285971181403	0.07782521511323007	-0.008687350145511375	-0.0710717852608481
0.23612904013851443	0.3333328562199164	0.0787095922841371	-0.008876783175024234	-0.0717275893247365
0.23878217542096963	0.33333285267187623	0.07959396944577968	-0.009067949570962687	-0.07237844039980733
0.24143531070342486	0.3333328490665914	0.08047834659800887	-0.00926083613275724	-0.07302429354292528
0.24408844598588006	0.33333284540293084	0.08136272374067277	-0.009455429541056	-0.07366510415607257
0.24674158126833529	0.33333284167973437	0.08224710087361652	-0.009651716358644412	-0.0743008279894284
0.24939471655079054	0.3333328378958111	0.08313147799668215	-0.009849683031373114	-0.0749314211444245
0.25204785183324574	0.33333283404993896	0.08401585510970855	-0.01004931588909389	-0.0755568400767763
0.25470098711570094	0.3333328301408636	0.08490023221253136	-0.010250601146603614	-0.07617704159948976
0.25735412239815614	0.33333282616729726	0.0857846093049829	-0.010453524904596148	-0.07679198288584345
0.2600072576806114	0.3333328221279176	0.08666898638689206	-0.010658073150622121	-0.07740162147234568
0.26266039296306665	0.33333281802136694	0.08755336345808423	-0.010864231760056506	-0.07800591526166677
0.2653135282455218	0.3333328138462508	0.08843774051838121	-0.011071986497073966	-0.07860482252554574
0.26796666352797704	0.33333280960113676	0.08932211756760107	-0.011281323015631856	-0.07919830190767173
0.2706197988104323	0.33333280528455334	0.0902064946055581	-0.01149222686046085	-0.07978631242653969
0.2732729340928875	0.3333328008949887	0.09109087163206268	-0.011704683468063104	-0.08036881347828011
0.2759260693753427	0.333332796430889	0.09197524864692119	-0.011918678167717895	-0.08094576483946271
0.2785792046577979	0.3333327918906574	0.09285962564993588	-0.012134196182494656	-0.0815171266698739
0.28123233994025315	0.33333278727265253	0.09374400264090475	-0.012351222630273363	-0.08208285951526773
0.28388547522270835	0.33333278257518667	0.09462837961962148	-0.012569742524772162	-0.08264292431009014
0.28653861050516355	0.33333277779652454	0.09551275658587523	-0.0127897407765822	-0.08319728238017653
0.2891917457876188	0.3333327729348815	0.09639713353945056	-0.013011202194209587	-0.08374589544542206
0.291844881070074	0.3333327679884219	0.09728151048012736	-0.01323411148512439	-0.08428872562242494
0.2944980163525292	0.33333276295525727	0.09816588740768056	-0.013458453256816601	-0.08482573542710221
0.29715115163498446	0.33333275783344457	0.09905026432188013	-0.013684212017859037	-0.08535688777727801
0.29980428691743966	0.33333275262098405	0.09993464122249089	-0.01391137217897703	-0.08588214599524402
0.3024574221998949	0.33333274731581763	0.10081901810927232	-0.014139918054124907	-0.08640147381029199
0.3051105574823501	0.33333274191582646	0.10170339498197849	-0.01436983386156914	-0.08691483536121826
0.3077636927648053	0.33333273641882893	0.10258777184035776	-0.014601103724978083	-0.08742219519879979
0.31041682804726056	0.3333327308225783	0.10347214868415282	-0.01483371167451829	-0.08792351828824195
0.31306996332971576	0.3333327251247605	0.10435652551310032	-0.015067641647957226	-0.08841877001159755
0.31572309861217096	0.3333327193229915	0.10524090232693077	-0.015302877491772417	-0.08890791617015713
0.3183762338946262	0.333332713414815	0.10612527912536839	-0.015539402962266859	-0.08939092298681027
0.3210293691770814	0.33333270739769943	0.10700965590813087	-0.015777201726690684	-0.08986775710837784
0.3236825044595366	0.33333270126903525	0.10789403267492917	-0.01601625736436895	-0.09033838560791489
0.3263356397419918	0.3333326950261322	0.10877840942546735	-0.016256553367835526	-0.09080277598698412
0.32898877502444707	0.3333326886662161	0.1096627861594423	-0.016498073143972947	-0.09126089617789983
0.3316419103069023	0.33333268218642575	0.1105471628765436	-0.0167408000151582	-0.09171271454594197
0.33429504558935746	0.3333326755838094	0.11143153957645319	-0.016984717220414336	-0.09215819989154049
0.3369481808718127	0.33333266885532165	0.1123159162588452	-0.01722980791656784	-0.09259732145242935
0.339601316154268	0.33333266199781925	0.11320029292338567	-0.017476055179411667	-0.09303004890577067
0.3422544514367232	0.333332655008058	0.1140846695697323	-0.017723442004873902	-0.09345635237024819
0.34490758671917837	0.333332647882688	0.11496904619753422	-0.017971951310191896	-0.09387620240813044
0.34756072200163357	0.33333264061825024	0.11585342280643163	-0.018221565935091853	-0.09428957002730327
0.3502138572840888	0.33333263321117157	0.11673779939605554	-0.018472268642973775	-0.09469642668327147
0.352866992566544	0.3333326256577605	0.11762217596602755	-0.018724042122101672	-0.09509674428112953
0.3555201278489992	0.3333326179542024	0.11850655251595939	-0.018976868986798946	-0.09549049517750142
0.3581732631314545	0.3333326100965541	0.1193909290454527	-0.019230731778648907	-0.0958776521824491
0.3608263984139097	0.33333260208073934	0.12027530555409868	-0.019485612967700277	-0.09625818856134963
0.3634795336963649	0.3333325939025425	0.12115968204147767	-0.019741494953677677	-0.09663207803674101
0.36613266897882013	0.3333325855576031	0.12204405850715888	-0.019998360067196914	-0.0969992947901363
0.36878580426127533	0.33333257704140984	0.1229284349506999	-0.020256190570985086	-0.0973598134638061
0.3714389395437306	0.3333325683492941	0.12381281137164636	-0.020514968661105352	-0.0977136091625291
0.3740920748261857	0.33333255947642315	0.12469718776953154	-0.02077467646818632	-0.09806065745531081
0.376745210108641	0.33333255041779314	0.12558156414387586	-0.021035296058655912	-0.09840093437707013
0.37939834539109624	0.3333325411682218	0.1264659404941865	-0.02129680943597972	-0.09873441643029374
0.38205148067355144	0.33333253172234045	0.12735031681995682	-0.021559198541903666	-0.09906108058665818
0.38470461595600663	0.33333252207458586	0.12823469312066602	-0.021822445257700933	-0.09938090428861955
0.3873577512384619	0.3333325122191917	0.1291190693957785	-0.022086531405423073	-0.09969386545097066
0.3900108865209171	0.3333325021501793	0.13000344564474337	-0.022351438749155208	-0.09999994246236547
0.3926640218033723	0.3333324918613482	0.13088782186699385	-0.02261714899627522	-0.10029911418681094
0.3953171570858275	0.3333324813462661	0.13177219806194676	-0.022883643798716873	-0.10059135996512583
0.39797029236828274	0.3333324705982578	0.13265657422900182	-0.02315090475423673	-0.10087665961636677
0.40062342765073794	0.33333245961039465	0.13354095036754104	-0.023418913407684854	-0.10115499343922107
0.4032765629331932	0.3333324483754821	0.13442532647692806	-0.023687651252279125	-0.10142634221336655
0.4059296982156484	0.33333243688604736	0.13530970255650746	-0.023957099730883134	-0.10169068720079795
0.4085828334981036	0.3333324251343265	0.13619407860560387	-0.024227240237287548	-0.10194801014712022
0.41123596878055885	0.33333241311225	0.1370784546235215	-0.024498054117494866	-0.10219829328280818
0.41388910406301405	0.3333324008114284	0.137962830609543	-0.024769522671007477	-0.10244151932443274
0.41654223934546925	0.33333238822313643	0.1388472065629289	-0.02504162715211892	-0.10267767147585358
0.41919537462792444	0.33333237533829657	0.13973158248291642	-0.02531434877120824	-0.10290673342937803
0.42184850991037975	0.33333236214746154	0.14061595836871882	-0.025587668696037447	-0.10312868936688625
0.4245016451928349	0.33333234864079586	0.14150033421952427	-0.025861568053051818	-0.10334352396092246
0.4271547804752901	0.3333323348080561	0.1423847100344948	-0.026136027928683123	-0.10355122237575244
0.4298079157577454	0.33333232063857	0.1432690858127653	-0.026411029370655585	-0.10375177026838675
0.4324610510402006	0.33333230612121456	0.14415346155344233	-0.026686553389294505	-0.10394515378957016
0.43511418632265575	0.33333229124439234	0.145037837255603	-0.02696258095883747	-0.10413135958473664
0.43776732160511106	0.3333322759960068	0.14592221291829355	-0.027239093018748075	-0.10431037479493037
0.44042045688756626	0.3333322603634355	0.1468065885405282	-0.02751607047503198	-0.10448218705769234
0.44307359217002146	0.33333224433350217	0.14769096412128763	-0.027793494201555344	-0.10464678450791257
0.4457267274524767	0.33333222789244654	0.1485753396595176	-0.028071345041365443	-0.10480415577864802
0.4483798627349319	0.33333221102589256	0.14945971515412734	-0.0283496038080134	-0.1049542900019059
0.4510329980173871	0.33333219371881423	0.15034409060398798	-0.02862825128687897	-0.10509717680939255
0.4536861332998423	0.33333217595549947	0.15122846600793075	-0.02890726823649725	-0.10523280633322765
0.45633926858229756	0.3333321577195113	0.15211284136474515	-0.029186635389887253	-0.10536116920662379
0.45899240386475276	0.33333213899364644	0.15299721667317714	-0.02946633345588223	-0.10548225656453138
0.46164553914720796	0.3333321197598914	0.15388159193192702	-0.02974634312046165	-0.10559606004424875
0.4642986744296632	0.3333320999993751	0.15476596713964733	-0.030026645048084763	-0.10570257178599746
0.4669518097121184	0.3333320796923183	0.15565034229494043	-0.03030721988302565	-0.1058017844334628
0.4696049449945736	0.3333320588179799	0.15653471739635633	-0.030588048250709633	-0.10589369113429932
0.47225808027702887	0.3333320373545984	0.15741909244238994	-0.03086911075905102	-0.10597828554060144
0.47491121555948407	0.3333320152793302	0.15830346743147844	-0.03115038799979201	-0.10605556180933912
0.47756435084193927	0.333331992568183	0.15918784236199846	-0.03143186054984273	-0.10612551460275846
0.4802174861243946	0.3333319691959438	0.1600722172322629	-0.03171350897262232	-0.10618813908874719
0.4828706214068497	0.3333319451361022	0.1609565920405178	-0.031995313819400836	-0.10624343094116517
0.4855237566893049	0.3333319203607675	0.16184096678493884	-0.03227725563064213	-0.10629138634013965
0.4881768919717601	0.33333189484057935	0.16272534146362777	-0.03255931493734734	-0.10633200197232534
0.49083002725421543	0.3333318685446121	0.1636097160746084	-0.032841472262399106	-0.1063652750311294
0.49348316253667057	0.3333318414402706	0.16449409061582243	-0.03312370812190628	-0.10639120321690096
0.49613629781912577	0.3333318134931785	0.1653784650851252	-0.03340600302654913	-0.10640978473708564
0.4987894331015811	0.33333178466705726	0.16626283948028076	-0.033688337482924886	-0.10642101830634447
0.5014425683840362	0.3333317549235951	0.16714721379895692	-0.03397069199489359	-0.10642490314663768
0.5040957036664915	0.3333317242223056	0.16803158803871987	-0.034253047064924026	-0.10642143898727299
0.5067488389489467	0.33333169252037353	0.16891596219702837	-0.03453538319543988	-0.10641062606491858
0.5094019742314019	0.33333165977248835	0.1698003362712276	-0.03481768089016576	-0.1063924651235805
0.5120551095138571	0.33333162593066307	0.17068471025854248	-0.035099920655473155	-0.10636695741454472
0.5147082447963123	0.3333315909440371	0.17156908415607067	-0.035382083001726204	-0.10633410469628365
0.5173613800787675	0.3333315547586615	0.17245345796077485	-0.03566414844462717	-0.10629390923432702
0.5200145153612228	0.3333315173172654	0.1733378316694746	-0.035946097506561484	-0.1062463738010973
0.5226676506436779	0.33333147855900025	0.17422220527883753	-0.03622791071794236	-0.10619150167570941
0.5253207859261333	0.33333143841916085	0.1751065787853698	-0.0365095686185548	-0.10612929664373484
0.5279739212085884	0.33333139682887997	0.17599095218540595	-0.03679105175889891	-0.10605976299692993
0.5306270564910436	0.33333135371479344	0.17687532547509777	-0.0370723407015325	-0.10598290553292859
0.533280191773499	0.333331308998673	0.17775969865040234	-0.03735341602241278	-0.10589872955489897
0.5359333270559541	0.33333126259702256	0.17864407170706934	-0.03763425831223711	-0.10580724087116443
0.5385864623384092	0.3333312144206338	0.17952844464062678	-0.037914848177782665	-0.10570844579478846
0.5412395976208646	0.3333311643740967	0.18041281744636609	-0.038195166243245024	-0.10560235114312354
0.5438927329033197	0.33333111235525875	0.1812971901193255	-0.03847519315157546	-0.10548896423732405
0.546545868185775	0.33333105825462733	0.18218156265427224	-0.03875490956581686	-0.10536829290182273
0.5491990034682301	0.33333100195470744	0.18306593504568305	-0.039034296170438326	-0.10524034546377092
0.5518521387506854	0.33333094332926705	0.18395030728772296	-0.03931333367266807	-0.10510513075244239
0.5545052740331406	0.3333308822425204	0.18483467937422202	-0.039592002803824855	-0.10496265809860039
0.5571584093155958	0.3333308185482186	0.18571905129865007	-0.03987028432064758	-0.10481293733382804
0.559811544598051	0.3333307520886347	0.18660342305408892	-0.04014815900662309	-0.10465597878982166
0.5624646798805063	0.33333068269342914	0.18748779463320195	-0.04042560767331208	-0.10449179329764688
0.5651178151629614	0.3333306101783785	0.18837216602820056	-0.040702611161672946	-0.10432039218695725
0.5677709504454167	0.3333305343439481	0.18925653723080738	-0.04097915034338349	-0.10414178728517515
0.570424085727872	0.33333045497368563	0.19014090823221566	-0.041255206122160444	-0.1039559909166343
0.5730772210103271	0.3333303718324094	0.1910252790230444	-0.041530759435076704	-0.10376301590168398
0.5757303562927824	0.33333028466415926	0.19190964959328857	-0.04180579125387601	-0.103562875555754
0.5783834915752376	0.3333301931898742	0.19279401993226414	-0.04208028258628521	-0.10335558368838013
0.5810366268576928	0.33333009710475203	0.19367839002854656	-0.042354214477323855	-0.10314115460218923
0.583689762140148	0.33332999607524044	0.1945627598699027	-0.04262756801061099	-0.10291960309184327
0.5863428974226033	0.3333298897355973	0.1954471294432145	-0.042900324309669176	-0.10269094444294151
0.5889960327050584	0.3333297776839466	0.19633149873439337	-0.04317246453922549	-0.10245519443087955
0.5916491679875137	0.3333296594777424	0.1972158677282847	-0.043443969906509436	-0.10221236931966415
0.5943023032699689	0.33332953462853376	0.1981002364085596	-0.04371482166254767	-0.10196248586068224
0.5969554385524241	0.33332940259590227	0.19898460475759328	-0.0439850011034554	-0.10170556129142239
0.5996085738348793	0.33332926278041597	0.1998689727563272	-0.04425448957172429	-0.10144161333414667
0.6022617091173346	0.3333291145154075	0.20075334038411238	-0.044523268457506836	-0.10117066019451032
0.6049148443997898	0.33332895705734283	0.20163770761853114	-0.04479131919989694	-0.10089272056012619
0.607567979682245	0.333328789574489	0.20252207443519307	-0.04505862328820663	-0.10060781359907035
0.6102211149647002	0.3333286111335213	0.203406440807501	-0.04532516226323875	-0.1003159589583246
0.6128742502471555	0.3333284206836188	0.20429080670638164	-0.045590917718555383	-0.10001717676215008
0.6155273855296106	0.33332821703748156	0.20517517209997363	-0.04585587130174187	-0.09971148761038609
0.6181805208120659	0.3333279988485521	0.2060595369532656	-0.04612000471566624	-0.09939891257666542
0.6208336560945211	0.333327764583524	0.20694390122767348	-0.04638329971973377	-0.09907947320653662
0.6234867913769763	0.3333275124889615	0.20782826488054523	-0.04664573813113635	-0.09875319151548084
0.6261399266594315	0.33332724055050295	0.20871262786457662	-0.046907301826096565	-0.09842008998680753
0.6287930619418868	0.333326946442652	0.20959699012711902	-0.04716797274110586	-0.0980801915694096
0.6314461972243419	0.3333266274665208	0.21048135160935402	-0.04742773287415665	-0.09773351967535336
0.6340993325067972	0.33332628047201135	0.21136571224530254	-0.04768656428596768	-0.09738009817727113
0.6367524677892524	0.3333259017596942	0.2122500719606279	-0.04794444910120223	-0.09701995140551571
0.6394056030717076	0.3333254869559194	0.21313443067117824	-0.04820136950967833	-0.09665310414502286
0.6420587383541628	0.333325030852222	0.21401878828119783	-0.04845730776757017	-0.096279581631811
0.6447118736366181	0.33332452719649747	0.21490314468111202	-0.04871224619859969	-0.09589940954902385
0.6473650089190732	0.33332396841812373	0.2157874997447585	-0.04896616719521677	-0.09551261402238798
0.6500181442015285	0.33332334526123936	0.2166718533258889	-0.04921905321976646	-0.09511922161491063
0.6526712794839836	0.33332264628817115	0.21755620525369776	-0.04947088680564079	-0.09471925932057437
0.655324414766439	0.33332185719585966	0.21844055532703374	-0.04972165055841203	-0.09431275455668454
0.6579775500488941	0.33332095985743915	0.21932490330679758	-0.04997132715694325	-0.09389973515437394
0.6606306853313493	0.3333199309506811	0.2202092489057969	-0.050219899354470236	-0.0934802293465361
0.6632838206138046	0.33331873994992767	0.22109359177496235	-0.05046734997964655	-0.09305426575209211
0.6659369558962598	0.33331734611073477	0.22197793148423614	-0.050713661937539734	-0.09262187335490323
0.6685900911787149	0.33331569381372694	0.2228622674954604	-0.05095881821056094	-0.09218308147465831
0.6712432264611703	0.3333137051501291	0.22374659912291234	-0.05120280185930087	-0.09173791972538504
0.6738963617436254	0.33331126769472846	0.22463092547416744	-0.051445596023229574	-0.0912864179542693
0.6765494970260807	0.33330821343452294	0.22551524535852188	-0.05168718392119079	-0.09082860614801799
0.679202632308536	0.33330428003253204	0.22639955713950694	-0.05192754885157374	-0.09036451428330547
0.6818557675909911	0.33329903229638314	0.22728385848462507	-0.05216667419195177	-0.08989417207444383
0.6845089028734463	0.33329168177881224	0.22816814590672613	-0.05240454339777507	-0.08941760851271544
0.6871620381559015	0.3332806083961726	0.2290524138267873	-0.052641139999206416	-0.08893485092716674
0.6898151734383567	0.33326205899391753	0.22993665236763475	-0.05287644759378201	-0.0884459227764813
0.692468308720812	0.3332251372968994	0.23082084169452574	-0.05311044982863349	-0.08795083798803939
0.6951214440032671	0.33310739902857667	0.23170493306281847	-0.053343130350057014	-0.08744958200495344
0.6977745792857224	-0.28411975223293895	0.23258871206055914	-0.053574472546534004	-0.08694197503202093
0.7004277145681777	-0.3331464218864599	0.2318349039957803	-0.05380228769649543	-0.08479080569341002
0.7030808498506328	-0.3332263937508908	0.23095102143498636	-0.05402421518650787	-0.08250370907511599
0.705733985133088	-0.3332585934902972	0.2300669267188379	-0.054240066860702714	-0.0802107032060295
0.7083871204155433	-0.33327574028361073	0.22918274657903404	-0.05444982741923605	-0.07791207315377784
0.7110402556979984	-0.33328631148328336	0.22829852094930245	-0.0546534822039369	-0.07560801757787873
0.7136933909804537	-0.3332934476225482	0.22741426727418404	-0.05485101705436207	-0.07329871302369763
0.716346526262909	-0.33329857232987353	0.22652999466673715	-0.05504241826789319	-0.0709843280677168
0.7189996615453641	-0.33330242129870075	0.22564570846325147	-0.05522767258462215	-0.06866502786053016
0.7216527968278194	-0.33330541167581396	0.2247614120482633	-0.055406767180668275	-0.0663409759404229
0.7243059321102746	-0.33330779703899643	0.22387710769963215	-0.05557968966500691	-0.06401233506714081
0.7269590673927298	-0.3333097401433715	0.22299279702247884	-0.05574642807796477	-0.061679267644581974
0.729612202675185	-0.33331135011243707	0.22210848119013435	-0.05590697089058063	-0.059341935950526836
0.7322653379576403	-0.333312702780691	0.22122416108642295	-0.05606130700444466	-0.057000502267713526
0.7349184732400955	-0.333313852449587	0.22033983739397803	-0.056209425751813875	-0.05465512896094574
0.7375716085225507	-0.3333148389990634	0.21945551065136912	-0.05635131689589083	-0.05230597852300735
0.7402247438050059	-0.3333156923590076	0.2185711812913626	-0.05648697063119901	-0.049953213601701726
0.7428778790874612	-0.33331643541539235	0.21768684966731944	-0.056616377584014256	-0.047596997015017795
0.7455310143699163	-0.33331708595403564	0.2168025160718828	-0.05673952881282619	-0.045237491758574444
0.7481841496523715	-0.3333176579937204	0.21591818075050923	-0.05685641580881251	-0.04287486100789591
0.7508372849348268	-0.33331816272096076	0.21503384391146244	-0.05696703049631458	-0.04050926811713805
0.753490420217282	-0.3333186091584309	0.2141495057333277	-0.05707136523330642	-0.03814087661532231
0.7561435554997372	-0.3333190046513623	0.2132651663707526	-0.057169412811851256	-0.0357698502007843
0.7587966907821925	-0.33331935522703965	0.21238082595889723	-0.05726116645854166	-0.033396352734320255
0.7614498260646476	-0.3333196658642225	0.211496484616931	-0.057346619834920176	-0.031020548231368548
0.7641029613471029	-0.33331994069757004	0.2106121424508142	-0.05742576703787834	-0.028642600853465757
0.7667560966295581	-0.3333201831744449	0.20972779955553766	-0.05749860260003215	-0.026262674899150264
0.7694092319120133	-0.3333203961763257	0.2088434560169461	-0.057565121490072986	-0.023880934794440433
0.7720623671944685	-0.33332058211355936	0.20795911191323938	-0.057625319113092724	-0.02149754508298186
0.7747155024769238	-0.333320742999763	0.20707476731622262	-0.057679191310882415	-0.019112670415935118
0.7773686377593789	-0.33332088051048914	0.2061904222923586	-0.05772673436220385	-0.016726475541658695
0.7800217730418342	-0.33332099602955484	0.20530607690366476	-0.05776794498303355	-0.01433912529522958
0.7826749083242893	-0.33332109068556115	0.2044217312084871	-0.05780282032677874	-0.011950784587834948
0.7853280436067446	-0.3333211653804854	0.2035373852621775	-0.05783135798446509	-0.0095616183960617
0.7879811788891998	-0.3333212208117484	0.2026530391176946	-0.057853555984895944	-0.007171791751105639
0.790634314171655	-0.3333212574887927	0.20176869282614696	-0.057869412794782735	-0.004781469727918319
0.7932874494541103	-0.33332127574492176	0.20088434643729133	-0.05787892731884669	-0.0023908174343069038
0.7959405847365655	-0.3333212757449218	0.20000000000000032	-0.05788209889989144	-3.301066446578556e-16
0.7985937200190207	-0.33332125748879277	0.19911565356270933	-0.05787892731884669	0.002390817434306244
0.8012468553014759	-0.3333212208117486	0.1982313071738537	-0.05786941279478274	0.004781469727917661
0.8038999905839311	-0.3333211653804856	0.19734696088230605	-0.05785355598489595	0.007171791751104981
0.8065531258663864	-0.3333210906855614	0.19646261473782317	-0.0578313579844651	0.009561618396061042
0.8092062611488415	-0.3333209960295551	0.19557826879151355	-0.05780282032677875	0.01195078458783429
0.8118593964312968	-0.33332088051048947	0.1946939230963359	-0.05776794498303356	0.014339125295228924
0.814512531713752	-0.3333207429997634	0.19380957770764207	-0.057726734362203866	0.01672647554165804
0.8171656669962072	-0.3333205821135598	0.19292523268377804	-0.05767919131088243	0.019112670415934466
0.8198188022786624	-0.33332039617632625	0.19204088808676129	-0.05762531911309274	0.02149754508298121
0.8224719375611177	-0.33332018317444556	0.19115654398305457	-0.05756512149007301	0.023880934794439784
0.8251250728435728	-0.3333199406975708	0.19027220044446297	-0.05749860260003217	0.026262674899149616
0.8277782081260281	-0.33331966586422335	0.18938785754918644	-0.05742576703787836	0.028642600853465112
0.8304313434084832	-0.33331935522704065	0.18850351538306964	-0.057346619834920204	0.031020548231367906
0.8330844786909385	-0.3333190046513635	0.1876191740411034	-0.05726116645854168	0.033396352734319616
0.8357376139733937	-0.33331860915843226	0.18673483362924806	-0.05716941281185128	0.035769850200783666
0.8383907492558489	-0.33331816272096226	0.18585049426667294	-0.05707136523330645	0.03814087661532169
0.8410438845383041	-0.33331765799372215	0.1849661560885382	-0.05696703049631461	0.040509268117137426
0.8436970198207595	-0.3333170859540377	0.1840818192494914	-0.05685641580881254	0.042874861007895296
0.8463501551032145	-0.33331643541539485	0.1831974839281178	-0.05673952881282623	0.04523749175857383
0.8490032903856698	-0.33331569235901054	0.1823131503326812	-0.05661637758401429	0.04759699701501719
0.8516564256681252	-0.33331483899906694	0.181428818708638	-0.05648697063119904	0.04995321360170113
0.8543095609505802	-0.3333138524495913	0.1805444893486315	-0.05635131689589087	0.05230597852300676
0.8569626962330354	-0.33331270278069625	0.17966016260602258	-0.05620942575181392	0.05465512896094516
0.8596158315154908	-0.3333113501124436	0.17877583891357762	-0.0560613070044447	0.057000502267712964
0.8622689667979458	-0.3333097401433799	0.17789151880986623	-0.05590697089058067	0.059341935950526295
0.8649221020804012	-0.3333077970390074	0.17700720297752168	-0.055746428077964816	0.061679267644581454
0.8675752373628565	-0.33330541167582867	0.17612289230036837	-0.055579689665006954	0.06401233506714032
0.8702283726453115	-0.3333024212987211	0.17523858795173716	-0.055406767180668316	0.06634097594042246
0.8728815079277669	-0.3332985723299032	0.17435429153674895	-0.055227672584622196	0.06866502786052978
0.8755346432102221	-0.33329344762259405	0.17347000533326318	-0.05504241826789323	0.0709843280677165
0.8781877784926772	-0.33328631148336024	0.17258573272581615	-0.05485101705436212	0.07329871302369745
0.8808409137751325	-0.33327574028375523	0.17170147905069755	-0.05465348220393695	0.07560801757787874
0.8834940490575878	-0.33325859349061776	0.17081725342096557	-0.054449827419236096	0.07791207315377824
0.8861471843400429	-0.3332263937518217	0.16993307328116086	-0.054240066860702756	0.08021070320603076
0.8888003196224982	-0.33314642189117494	0.16904897856500994	-0.054024215186507914	0.08250370907511971
0.8914534549049534	-0.28411975222601055	0.16816509600420348	-0.05380228769649544	0.08479080569342624
0.8941065901874086	0.3331073990277403	0.16741128793944304	-0.053574472546534004	0.08694197503201878
0.8967597254698638	0.33322513729692604	0.1682950669371815	-0.053343130350057014	0.08744958200495352
0.8994128607523189	0.333262058993919	0.16917915830547428	-0.05311044982863349	0.08795083798803939
0.9020659960347742	0.33328060839617873	0.1700633476323653	-0.05287644759378201	0.08844592277648129
0.9047191313172295	0.33329168177881674	0.17094758617321276	-0.052641139999206416	0.08893485092716673
0.9073722665996846	0.3332990322963842	0.17183185409327392	-0.05240454339777506	0.0894176085127154
0.9100254018821399	0.33330428003253176	0.172716141515375	-0.05216667419195176	0.0898941720744438
0.9126785371645951	0.33330821343452244	0.17360044286049311	-0.05192754885157374	0.09036451428330543
0.9153316724470503	0.333311267694728	0.1744847546414782	-0.05168718392119079	0.09082860614801797
0.9179848077295055	0.3333137051501287	0.17536907452583264	-0.05144559602322957	0.09128641795426927
0.9206379430119608	0.3333156938137266	0.1762534008770877	-0.051202801859300866	0.09173791972538502
0.9232910782944159	0.33331734611073444	0.17713773250453965	-0.05095881821056093	0.09218308147465827
0.9259442135768712	0.3333187399499273	0.1780220685157639	-0.050713661937539734	0.0926218733549032
0.9285973488593264	0.3333199309506807	0.1789064082250377	-0.050467349979646546	0.09305426575209208
0.9312504841417816	0.33332095985743876	0.17979075109420314	-0.050219899354470236	0.09348022934653608
0.9339036194242368	0.3333218571958593	0.18067509669320247	-0.04997132715694325	0.09389973515437391
0.9365567547066921	0.33332264628817077	0.1815594446729663	-0.04972165055841203	0.09431275455668452
0.9392098899891472	0.33332334526123897	0.1824437947463023	-0.04947088680564079	0.09471925932057434
0.9418630252716025	0.33332396841812334	0.18332814667411115	-0.04921905321976646	0.0951192216149106
0.9445161605540577	0.3333245271964971	0.18421250025524155	-0.048966167195216764	0.09551261402238795
0.9471692958365129	0.33332503085222165	0.185096855318888	-0.04871224619859969	0.09589940954902382
0.9498224311189681	0.33332548695591907	0.18598121171880222	-0.04845730776757017	0.09627958163181097
0.9524755664014234	0.33332590175969384	0.1868655693288218	-0.04820136950967832	0.09665310414502283
0.9551287016838785	0.333326280472011	0.18774992803937215	-0.04794444910120223	0.0970199514055157
0.9577818369663338	0.3333266274665205	0.1886342877546975	-0.047686564285967674	0.09738009817727111
0.9604349722487892	0.3333269464426517	0.18951864839064603	-0.04742773287415665	0.09773351967535333
0.9630881075312442	0.33332724055050267	0.190403009872881	-0.04716797274110586	0.09808019156940959
0.9657412428136994	0.33332751248896125	0.19128737213542343	-0.046907301826096565	0.09842008998680751
0.9683943780961546	0.33332776458352376	0.19217173511945482	-0.04664573813113635	0.09875319151548083
0.9710475133786098	0.33332799884855185	0.19305609877232655	-0.04638329971973376	0.09907947320653661
0.9737006486610651	0.33332821703748133	0.19394046304673446	-0.04612000471566624	0.0993989125766654
0.9763537839435202	0.33332842068361856	0.1948248279000264	-0.04585587130174187	0.09971148761038608
0.9790069192259755	0.33332861113352114	0.19570919329361838	-0.045590917718555383	0.10001717676215006
0.9816600545084309	0.33332878957448886	0.19659355919249902	-0.04532516226323875	0.10031595895832458
0.9843131897908859	0.33332895705734267	0.19747792556480698	-0.04505862328820663	0.10060781359907034
0.9869663250733411	0.3333291145154073	0.19836229238146888	-0.044791319199896935	0.10089272056012617
0.9896194603557965	0.3333292627804158	0.19924665961588764	-0.044523268457506836	0.1011706601945103
0.9922725956382515	0.33332940259590216	0.20013102724367285	-0.04425448957172429	0.10144161333414665
0.9949257309207069	0.3333295346285336	0.20101539524240675	-0.04398500110345539	0.10170556129142237
0.9975788662031622	0.3333296594777423	0.20189976359144046	-0.04371482166254767	0.10196248586068223
1.0002320014856172	0.33332977768394645	0.20278413227171535	-0.043443969906509436	0.10221236931966414
1.0028851367680724	0.33332988973559713	0.20366850126560665	-0.043172464539225484	0.10245519443087954
1.0055382720505277	0.33332999607524033	0.20455287055678556	-0.042900324309669176	0.1026909444429415
1.008191407332983	0.3333300971047519	0.20543724013009731	-0.04262756801061098	0.10291960309184325
1.0108445426154382	0.3333301931898741	0.20632160997145346	-0.04235421447732385	0.10314115460218921
1.0134976778978935	0.3333302846641592	0.2072059800677359	-0.04208028258628521	0.10335558368838013
1.0161508131803485	0.3333303718324093	0.20809035040671145	-0.04180579125387601	0.10356287555575398
1.0188039484628038	0.3333304549736855	0.20897472097695563	-0.041530759435076704	0.10376301590168396
1.021457083745259	0.333330534343948	0.20985909176778436	-0.041255206122160444	0.10395599091663428
1.0241102190277143	0.3333306101783784	0.21074346276919265	-0.04097915034338348	0.10414178728517513
1.0267633543101695	0.3333306826934291	0.21162783397179946	-0.040702611161672946	0.10432039218695725
1.0294164895926246	0.3333307520886346	0.21251220536679807	-0.04042560767331208	0.10449179329764686
1.0320696248750798	0.3333308185482185	0.2133965769459111	-0.04014815900662309	0.10465597878982165
1.034722760157535	0.33333088224252033	0.21428094870134998	-0.03987028432064757	0.10481293733382803
1.0373758954399903	0.333330943329267	0.21516532062577803	-0.039592002803824855	0.10496265809860038
1.0400290307224456	0.3333310019547074	0.21604969271227709	-0.039313333672668066	0.10510513075244238
1.0426821660049008	0.3333310582546273	0.21693406495431697	-0.039034296170438326	0.10524034546377091
1.0453353012873559	0.3333311123552587	0.21781843734572778	-0.03875490956581686	0.10536829290182272
1.047988436569811	0.33333116437409666	0.21870280988067453	-0.03847519315157546	0.10548896423732404
1.0506415718522666	0.33333121442063374	0.21958718255363394	-0.038195166243245024	0.10560235114312354
1.0532947071347216	0.3333312625970225	0.22047155535937324	-0.037914848177782665	0.10570844579478844
1.0559478424171769	0.33333130899867297	0.2213559282929307	-0.03763425831223711	0.10580724087116443
1.0586009776996321	0.3333313537147934	0.22224030134959769	-0.03735341602241278	0.10589872955489897
1.0612541129820872	0.3333313968288799	0.22312467452490228	-0.0370723407015325	0.10598290553292858
1.0639072482645426	0.3333314384191608	0.22400904781459408	-0.03679105175889891	0.10605976299692993
1.066560383546998	0.3333314785590002	0.2248934212146302	-0.0365095686185548	0.10612929664373483
1.069213518829453	0.33333151731726535	0.2257777947211625	-0.03622791071794236	0.10619150167570941
1.0718666541119082	0.33333155475866144	0.22666216833052544	-0.035946097506561484	0.1062463738010973
1.0745197893943634	0.333331590944037	0.22754654203922517	-0.03566414844462717	0.10629390923432702
1.0771729246768185	0.333331625930663	0.22843091584392936	-0.035382083001726204	0.10633410469628365
1.079826059959274	0.3333316597724883	0.22931528974145757	-0.035099920655473155	0.10636695741454472
1.0824791952417292	0.3333316925203735	0.23019966372877243	-0.03481768089016576	0.10639246512358048
1.0851323305241842	0.3333317242223056	0.23108403780297165	-0.03453538319543988	0.10641062606491858
1.0877854658066395	0.3333317549235951	0.23196841196128015	-0.034253047064924026	0.10642143898727299
1.0904386010890947	0.3333317846670572	0.2328527862010431	-0.03397069199489358	0.10642490314663768
1.09309173637155	0.3333318134931785	0.23373716051971927	-0.033688337482924886	0.10642101830634447
1.0957448716540052	0.33333184144027056	0.23462153491487484	-0.03340600302654913	0.10640978473708564
1.0983980069364603	0.33333186854461205	0.2355059093841776	-0.03312370812190628	0.10639120321690096
1.1010511422189155	0.33333189484057935	0.23639028392539163	-0.032841472262399106	0.10636527503112939
1.1037042775013708	0.3333319203607674	0.23727465853637225	-0.03255931493734734	0.10633200197232534
1.106357412783826	0.3333319451361022	0.23815903321506118	-0.03227725563064213	0.10629138634013964
1.1090105480662813	0.3333319691959438	0.23904340795948223	-0.031995313819400836	0.10624343094116517
1.1116636833487366	0.333331992568183	0.23992778276773713	-0.03171350897262232	0.10618813908874718
1.1143168186311916	0.3333320152793302	0.24081215763800157	-0.03143186054984273	0.10612551460275844
1.1169699539136468	0.3333320373545983	0.24169653256852158	-0.03115038799979201	0.10605556180933912
1.119623089196102	0.33333205881797984	0.2425809075576101	-0.03086911075905102	0.10597828554060143
1.1222762244785573	0.3333320796923183	0.2434652826036437	-0.030588048250709633	0.10589369113429932
1.1249293597610126	0.3333320999993751	0.2443496577050596	-0.03030721988302565	0.1058017844334628
1.1275824950434679	0.33333211975989135	0.24523403286035272	-0.030026645048084763	0.10570257178599746
1.130235630325923	0.3333321389936464	0.246118408068073	-0.029746343120461646	0.10559606004424875
1.1328887656083781	0.33333215771951125	0.24700278332682288	-0.02946633345588223	0.10548225656453138
1.1355419008908334	0.33333217595549947	0.2478871586352549	-0.02918663538988725	0.10536116920662378
1.1381950361732887	0.33333219371881423	0.2487715339920693	-0.02890726823649725	0.10523280633322764
1.140848171455744	0.33333221102589256	0.24965590939601204	-0.028628251286878965	0.10509717680939254
1.1435013067381992	0.3333322278924465	0.25054028484587265	-0.0283496038080134	0.1049542900019059
1.1461544420206542	0.3333322443335021	0.25142466034048244	-0.028071345041365443	0.10480415577864802
1.1488075773031095	0.3333322603634355	0.2523090358787124	-0.027793494201555344	0.10464678450791257
1.1514607125855647	0.3333322759960068	0.25319341145947183	-0.02751607047503198	0.10448218705769234
1.15411384786802	0.33333229124439234	0.2540777870817065	-0.027239093018748075	0.10431037479493037
1.1567669831504752	0.3333323061212145	0.25496216274439704	-0.02696258095883747	0.10413135958473663
1.1594201184329305	0.33333232063857	0.2558465384465577	-0.026686553389294505	0.10394515378957016
1.1620732537153855	0.3333323348080561	0.25673091418723476	-0.026411029370655585	0.10375177026838675
1.1647263889978408	0.33333234864079586	0.25761528996550526	-0.026136027928683123	0.10355122237575243
1.167379524280296	0.33333236214746154	0.2584996657804758	-0.025861568053051818	0.10334352396092246
1.1700326595627513	0.3333323753382965	0.2593840416312812	-0.025587668696037447	0.10312868936688625
1.1726857948452065	0.3333323882231364	0.26026841751708363	-0.02531434877120824	0.10290673342937803
1.1753389301276616	0.3333324008114284	0.26115279343707115	-0.02504162715211892	0.10267767147585358
1.1779920654101168	0.33333241311225	0.262037169390457	-0.024769522671007477	0.10244151932443273
1.1806452006925723	0.3333324251343265	0.26292154537647855	-0.024498054117494866	0.10219829328280816
1.1832983359750273	0.33333243688604736	0.2638059213943961	-0.024227240237287548	0.10194801014712022
1.1859514712574826	0.33333244837548204	0.2646902974434926	-0.023957099730883134	0.10169068720079795
1.1886046065399378	0.33333245961039465	0.26557467352307196	-0.023687651252279125	0.10142634221336655
1.1912577418223929	0.3333324705982578	0.266459049632459	-0.023418913407684854	0.10115499343922107
1.1939108771048481	0.3333324813462661	0.2673434257709982	-0.02315090475423673	0.10087665961636677
1.1965640123873036	0.3333324918613482	0.26822780193805323	-0.02288364379871687	0.10059135996512583
1.1992171476697586	0.3333325021501793	0.26911217813300614	-0.02261714899627522	0.10029911418681092
1.2018702829522139	0.33333251221919163	0.26999655435525666	-0.022351438749155208	0.09999994246236546
1.2045234182346691	0.3333325220745858	0.2708809306042215	-0.022086531405423073	0.09969386545097066
1.2071765535171242	0.3333325317223404	0.27176530687933403	-0.021822445257700933	0.09938090428861955
1.2098296887995796	0.3333325411682218	0.27264968318004323	-0.021559198541903666	0.09906108058665818
1.212482824082035	0.33333255041779314	0.27353405950581355	-0.02129680943597972	0.09873441643029374
1.21513595936449	0.33333255947642315	0.2744184358561242	-0.021035296058655912	0.09840093437707013
1.2177890946469452	0.3333325683492941	0.2753028122304685	-0.02077467646818632	0.09806065745531081
1.2204422299294004	0.33333257704140984	0.2761871886283537	-0.020514968661105352	0.0977136091625291
1.2230953652118557	0.3333325855576031	0.27707156504930014	-0.020256190570985086	0.0973598134638061
1.225748500494311	0.33333259390254244	0.27795594149284114	-0.01999836006719691	0.0969992947901363
1.228401635776766	0.33333260208073934	0.2788403179585223	-0.019741494953677677	0.09663207803674101
1.2310547710592212	0.3333326100965541	0.27972469444590137	-0.019485612967700277	0.09625818856134963
1.2337079063416765	0.3333326179542024	0.28060907095454735	-0.019230731778648907	0.09587765218244909
1.2363610416241317	0.3333326256577605	0.28149344748404065	-0.018976868986798946	0.09549049517750142
1.239014176906587	0.33333263321117157	0.2823778240339725	-0.01872404212210167	0.09509674428112953
1.2416673121890422	0.33333264061825024	0.28326220060394447	-0.018472268642973775	0.09469642668327147
1.2443204474714973	0.333332647882688	0.2841465771935684	-0.018221565935091853	0.09428957002730327
1.2469735827539525	0.333332655008058	0.2850309538024658	-0.017971951310191896	0.09387620240813044
1.2496267180364078	0.33333266199781925	0.28591533043026773	-0.017723442004873902	0.09345635237024817
1.252279853318863	0.3333326688553216	0.28679970707661434	-0.017476055179411667	0.09303004890577067
1.2549329886013183	0.3333326755838094	0.28768408374115484	-0.01722980791656784	0.09259732145242935
1.2575861238837736	0.33333268218642575	0.28856846042354684	-0.016984717220414336	0.09215819989154048
1.2602392591662286	0.3333326886662161	0.28945283712345643	-0.0167408000151582	0.09171271454594197
1.2628923944486838	0.3333326950261322	0.2903372138405577	-0.016498073143972947	0.09126089617789983
1.265545529731139	0.33333270126903525	0.2912215905745327	-0.016256553367835526	0.09080277598698412
1.2681986650135944	0.33333270739769943	0.2921059673250708	-0.01601625736436895	0.09033838560791488
1.2708518002960496	0.333332713414815	0.29299034409186914	-0.015777201726690684	0.08986775710837784
1.2735049355785049	0.3333327193229915	0.2938747208746316	-0.015539402962266859	0.08939092298681027
1.27615807086096	0.3333327251247605	0.29475909767306924	-0.015302877491772417	0.08890791617015713
1.2788112061434151	0.33333273082257825	0.2956434744868997	-0.015067641647957226	0.08841877001159755
1.2814643414258704	0.3333327364188289	0.2965278513158472	-0.01483371167451829	0.08792351828824195
1.2841174767083257	0.33333274191582646	0.29741222815964224	-0.014601103724978083	0.08742219519879979
1.286770611990781	0.33333274731581763	0.2982966050180215	-0.01436983386156914	0.08691483536121826
1.2894237472732362	0.33333275262098405	0.29918098189072767	-0.014139918054124907	0.08640147381029199
1.2920768825556912	0.33333275783344457	0.3000653587775091	-0.01391137217897703	0.08588214599524402
1.2947300178381465	0.33333276295525727	0.3009497356781199	-0.013684212017859037	0.08535688777727801
1.2973831531206017	0.3333327679884219	0.30183411259231946	-0.013458453256816601	0.08482573542710221
1.300036288403057	0.3333327729348815	0.3027184895198727	-0.01323411148512439	0.08428872562242494
1.3026894236855122	0.33333277779652454	0.30360286646054946	-0.013011202194209587	0.08374589544542206
1.3053425589679672	0.33333278257518667	0.3044872434141248	-0.0127897407765822	0.08319728238017653
1.3079956942504225	0.33333278727265253	0.3053716203803786	-0.012569742524772162	0.08264292431009014
1.310648829532878	0.3333327918906574	0.30625599735909526	-0.012351222630273363	0.08208285951526773
1.313301964815333	0.333332796430889	0.30714037435006414	-0.012134196182494656	0.0815171266698739
1.3159551000977883	0.3333328008949886	0.30802475135307883	-0.011918678167717895	0.08094576483946271
1.3186082353802435	0.33333280528455334	0.3089091283679373	-0.011704683468063104	0.08036881347828011
1.3212613706626986	0.3333328096011367	0.30979350539444195	-0.01149222686046085	0.07978631242653969
1.3239145059451538	0.33333281384625074	0.31067788243239897	-0.011281323015631856	0.07919830190767173
1.3265676412276093	0.33333281802136694	0.3115622594816188	-0.011071986497073966	0.07860482252554574
1.3292207765100643	0.3333328221279176	0.3124466365419158	-0.010864231760056506	0.07800591526166677
1.3318739117925196	0.33333282616729726	0.31333101361310794	-0.010658073150622121	0.07740162147234568
1.3345270470749748	0.3333328301408636	0.31421539069501714	-0.010453524904596148	0.07679198288584344
1.3371801823574299	0.33333283404993896	0.3150997677874687	-0.010250601146603614	0.07617704159948976
1.3398333176398853	0.3333328378958111	0.3159841448902915	-0.01004931588909389	0.0755568400767763
1.3424864529223406	0.33333284167973437	0.3168685220033179	-0.009849683031373114	0.0749314211444245
1.3451395882047956	0.33333284540293084	0.3177528991263835	-0.009651716358644412	0.0743008279894284
1.3477927234872509	0.3333328490665914	0.31863727625932725	-0.009455429541056	0.07366510415607257
1.3504458587697061	0.33333285267187623	0.3195216534019912	-0.00926083613275724	0.07302429354292528
1.3530989940521614	0.3333328562199164	0.32040603055422034	-0.009067949570962687	0.07237844039980733
1.3557521293346166	0.33333285971181403	0.3212904077158629	-0.008876783175024236	0.0717275893247365
1.358405264617072	0.3333328631486438	0.32217478488677	-0.008687350145511375	0.0710717852608481
1.361058399899527	0.3333328665314535	0.32305916206679536	-0.00849966356329968	0.07041107349329154
1.3637115351819822	0.33333286986126465	0.3239435392557957	-0.008313736388667538	0.06974549964610333
1.3663646704644374	0.33333287313907356	0.32482791645363057	-0.008129581460401216	0.06907510967905672
1.3690178057468927	0.333332876365852	0.3257122936601618	-0.007947211494908318	0.06839994988448816
1.371670941029348	0.3333328795425478	0.3265966708752541	-0.007766639085339695	0.06772006688410068
1.374324076311803	0.33333288267008565	0.3274810480987746	-0.00758787670071985	0.0670355076257446
1.3769772115942582	0.3333328857493678	0.3283654253305929	-0.007410936685085933	0.06634631938017584
1.3796303468767135	0.3333328887812746	0.32924980257058084	-0.00723583125663536	0.06565254973779164
1.3822834821591687	0.3333328917666652	0.33013417981861287	-0.0070625725068821175	0.06495424660534452
1.384936617441624	0.3333328947063781	0.33101855707456546	-0.006891172399821817	0.06425145820263416
1.3875897527240793	0.3333328976012318	0.3319029343383175	-0.006721642771105559	0.06354423305917778
1.3902428880065343	0.3333329004520253	0.33278731160975	-0.006553995327222652	0.0628326200108591
1.3928960232889895	0.33333290325953874	0.333671688888746	-0.006388241644692256	0.06211666819655613
1.3955491585714448	0.3333329060245338	0.3345560661751907	-0.006224393169264	0.0613964270547481
1.3982022938539	0.3333329087477543	0.3354404434689713	-0.006062461215127627	0.06067194632010158
1.4008554291363553	0.3333329114299266	0.3363248207699769	-0.005902456964131723	0.05994327602003628
1.4035085644188106	0.3333329140717603	0.3372091980780986	-0.005744391465011587	0.05921046647127053
1.4061616997012656	0.3333329166739483	0.33809357539322954	-0.005588275632626295	0.05847356827634684
1.4088148349837208	0.33333291923716785	0.3389779527152644	-0.005434120247205001	0.05773263232013769
1.411467970266176	0.3333329217620803	0.3398623300440997	-0.005281935953602538	0.05698770976633188
1.4141211055486314	0.3333329242493319	0.340746707379634	-0.005131733260564372	0.05623885205390151
1.4167742408310866	0.3333329266995543	0.3416310847217673	-0.004983522540000945	0.05548611089355009
1.4194273761135419	0.33333292911336465	0.3425154620704013	-0.004837314026271474	0.05472953826414181
1.422080511395997	0.3333329314913662	0.3433998394254395	-0.0046931178154772475	0.05396918640911224
1.4247336466784521	0.33333293383414864	0.3442842167867868	-0.004550943864764463	0.0532051078328609
1.4273867819609074	0.33333293614228815	0.3451685941543498	-0.004410801991636668	0.052437355297125676
1.4300399172433627	0.3333329384163483	0.3460529715280366	-0.004272701873276838	0.05166598181733954
1.432693052525818	0.33333294065687996	0.3469373489077568	-0.004136653045879145	0.05089104065896973
1.435346187808273	0.3333329428644218	0.34782172629342134	-0.004002664903990461	0.05011258533383963
1.4379993230907282	0.3333329450395004	0.3487061036849428	-0.0038707466998616474	0.04933066959643372
1.4406524583731837	0.3333329471826309	0.34959048108223506	-0.0037409075428086625	0.04854534744018569
1.4433055936556387	0.333332949294317	0.3504748584852133	-0.0036131563985835453	0.04775667309375006
1.445958728938094	0.3333329513750515	0.3513592358937941	-0.003487502088755308	0.04696470101725764
1.4486118642205492	0.33333295342531616	0.3522436133078954	-0.003363953290100789	0.04616948589855487
1.4512649995030042	0.3333329554455825	0.3531279907274362	-0.0032425185340055006	0.045371082649427574
1.4539181347854595	0.3333329574363117	0.3540123681523371	-0.0031232062058745187	0.044569546401809136
1.456571270067915	0.33333295939795493	0.3548967455825197	-0.00300602454455345	0.04376493250397355
1.45922440535037	0.33333296133095364	0.3557811230179067	-0.002890981641759523	0.04295729651671348
1.4618775406328253	0.33333296323573985	0.35666550045842227	-0.0027780854415228365	0.04214669420950369
1.4645306759152805	0.33333296511273625	0.35754987790399145	-0.0026673437396378045	0.04133318155665002
1.4671838111977356	0.3333329669623565	0.3584342553545405	-0.0025587641831248415	0.040516814733424264
1.469836946480191	0.33333296878500535	0.3593186328099969	-0.0024523542697023164	0.03969765011218508
1.4724900817626463	0.33333297058107914	0.36020301027028895	-0.0023481213472688195	0.03887574425848545
1.4751432170451013	0.3333329723509656	0.36108738773534627	-0.0022460726133957734	0.03805115392716661
1.4777963523275566	0.3333329740950444	0.36197176520509927	-0.0021462151148304237	0.03722393605843906
1.4804494876100118	0.3333329758136872	0.3628561426794796	-0.0020485557470092458	0.036394147773950676
1.483102622892467	0.3333329775072577	0.3637405201584196	-0.0019531012535817984	0.03556184637284237
1.4857557581749223	0.33333297917611204	0.36462489764185296	-0.0018598582259450615	0.0347270893277914
1.4884088934573776	0.333332980820599	0.36550927512971393	-0.001768833102788283	0.03388993428104282
1.4910620287398326	0.3333329824410599	0.366393652621938	-0.001680032169648374	0.03305043904042908
1.4937151640222879	0.333332984037829	0.36727803011846133	-0.0015934615584758788	0.03220866157537831
1.496368299304743	0.3333329856112337	0.3681624076192211	-0.0015091272472115484	0.03136466001291137
1.4990214345871984	0.33333298716159454	0.3690467851241553	-0.0014270350593735515	0.030518492633628068
1.5016745698696536	0.33333298868922534	0.3699311626332028	-0.0013471906636553469	0.029670217867682723
1.5043277051521087	0.3333329901944335	0.3708155401463033	-0.0012695995735342474	0.02881989429074944
1.506980840434564	0.3333329916775201	0.37169991766339733	-0.001194267146890702	0.02796758061997733
1.5096339757170192	0.33333299313878	0.37258429518442615	-0.0011211985856383225	0.02711333570993593
1.5122871109994744	0.33333299457850196	0.3734686727093319	-0.0010503989353646793	0.026257218548551172
1.5149402462819297	0.33333299599696886	0.37435305023805737	-0.0009818730849828923	0.02539928825303213
1.517593381564385	0.33333299739445765	0.37523742777054625	-0.0009156257663940411	0.024539604065788825
1.52024651684684	0.3333329987712398	0.37612180530674283	-0.0008516615541604156	0.023678225350341406
1.5228996521292952	0.3333330001275811	0.3770061828465922	-0.0007899848651896335	0.022815211587220937
1.5255527874117505	0.3333330014637419	0.37789056039004015	-0.0007305999584296425	0.021950622369862158
1.5282059226942057	0.3333330027799773	0.37877493793703304	-0.0006735109345746306	0.021084517400488383
1.530859057976661	0.33333300407653715	0.37965931548751813	-0.000618721735781864	0.020216956485988934
1.5335121932591163	0.33333300535366633	0.38054369304144314	-0.0005662361453994725	0.01934799953378933
1.5361653285415713	0.3333330066116045	0.3814280705987565	-0.000516057787705202	0.018477706547714523
1.5388184638240265	0.33333300785058667	0.38231244815940735	-0.00046819012765614824	0.017606137623845514
1.5414715991064818	0.3333330090708429	0.3831968257233454	-0.0004226364706494963	0.01673335294636954
1.544124734388937	0.33333301027259876	0.3840812032905209	-0.0003793999622942742	0.01585941278342424
1.5467778696713923	0.3333330114560751	0.38496558086088484	-0.00033848358819414263	0.014984377482935967
1.5494310049538476	0.3333330126214883	0.3858499584343887	-0.00029989017374123253	0.014108307468452638
1.5520841402363026	0.33333301376905033	0.38673433601098456	-0.00026362238392104576	0.013231263234971327
1.5547372755187578	0.33333301489896894	0.387618713590625	-0.00022968272312843247	0.012353305344760942
1.5573904108012133	0.3333330160114476	0.3885030911732633	-0.0001980735349946574	0.01147449442318025
1.5600435460836684	0.33333301710668567	0.3893874687588531	-0.0001687970022255674	0.01059489115449155
1.5626966813661236	0.33333301818487837	0.39027184634734874	-0.0001418551464508713	0.009714556277670271
1.5653498166485786	0.3333330192462171	0.39115622393870497	-0.00011724982808454232	0.008833550582210803
1.568002951931034	0.33333302029088924	0.39204060153287706	-9.498274619635305e-5	0.007951934903928821
1.5706560872134891	0.33333302131907844	0.39292497912982083	-7.505543839455143e-5	0.007069770120760434
1.5733092224959444	0.33333302233096446	0.39380935672949247	-5.7469280719686234e-5	0.006187117148558405
1.5759623577783997	0.3333330233267236	0.3946937343318488	-4.2225487549589e-5	0.0053040369368857615
1.578615493060855	0.33333302430652834	0.39557811193684694	-2.93251115155194e-5	0.004420590464807079
1.58126862834331	0.3333330252705478	0.3964624895444447	-1.8769043429479433e-5	0.003536838736677724
1.5839217636257652	0.33333302621894756	0.3973468671546001	-1.0558012222701708e-5	0.0026528427779313503
1.5865748989082207	0.3333330271518897	0.39823124476727173	-4.692584895316019e-6	0.0017686636308659421
1.5892280341906757	0.33333302806953324	0.39911562238241854	-1.173166477197626e-6	0.0008843623504286912
1.591881169473131	NaN	0.4	1.0279681537857643e-34	0.0
