0.0013265676412276093	-1.6351056606983767	3.25959418290121	1.3610498908225042
0.003979702923682827	-1.6351056606983767	3.2949054250610748	1.352354903730731
0.006632838206138045	-1.6351056606983767	3.32998914529553	1.3435665329596622
0.009285973488593264	-1.6351056606983767	3.364842920980996	1.3346853853695209
0.011939108771048482	-1.6351056606983767	3.39946434537217	1.3257120742270136
0.0145922440535037	-1.6351056606983767	3.4338510277682217	1.316647219162984
0.01724537933595892	-1.6351056606983767	3.468000593677875	1.3074914461296256
0.01989851461841414	-1.6351056606983767	3.501910684983374	1.298245387357258
0.022551649900869355	-1.6351056606983767	3.5355789601033165	1.2889096813106686
0.025204785183324575	-1.6351056606983767	3.569003094154348	1.2794849726450273
0.027857920465779794	-1.6351056606983767	3.602180779111698	1.2699719121613693
0.030511055748235007	-1.6351056606983767	3.6351097239685584	1.2603711567616565
0.033164191030690224	-1.6351056606983767	3.6677876548942825	1.2506833694034165
0.035817326313145444	-1.6351056606983767	3.7002123153913975	1.2409092190539632
0.038470461595600663	-1.6351056606983767	3.7323814664514243	1.231049380644204
0.04112359687805588	-1.6351056606983767	3.7642928867094847	1.221104535022032
0.0437767321605111	-1.6351056606983767	3.795944372597693	1.2110753689053144
0.04642986744296632	-1.6351056606983767	3.82733373849732	1.2009625748344703
0.049083002725421536	-1.6351056606983767	3.858458816889713	1.1907668511246505
0.051736138007876756	-1.6351056606983767	3.8893174585059698	1.1804889018175162
0.05438927329033197	-1.6351056606983767	3.919907532475353	1.1701294366326238
0.057042408572787195	-1.6351056606983767	3.9502269264724292	1.1596891709184156
0.05969554385524241	-1.6351056606983767	3.980273546862933	1.1491688256028247
0.062348679137697635	-1.6351056606983767	4.010045318848338	1.1385691271434921
0.06500181442015285	-1.6351056606983767	4.039540186609125	1.1278908074776028
0.06765494970260807	-1.6351056606983767	4.068756113446744	1.1171346039713443
0.07030808498506329	-1.6351056606983767	4.097691081924253	1.1063012593689883
0.0729612202675185	-1.6351056606983767	4.126343094005626	1.0953915217416037
0.07561435554997373	-1.6351056606983767	4.154710171193725	1.0844061444353996
0.07826749083242894	-1.6351056606983767	4.182790354666918	1.0733458860197043
0.08092062611488415	-1.6351056606983767	4.210581705414342	1.0622115102345848
0.08357376139733937	-1.6351056606983767	4.2380823043698	1.0510037859381087
0.08622689667979459	-1.6351056606983767	4.265290252544271	1.0397234870532515
0.0888800319622498	-1.6351056606983767	4.2922036711570435	1.028371392514456
0.09153316724470503	-1.6351056606983767	4.318820701765453	1.0169482862138446
0.09418630252716025	-1.6351056606983767	4.345139506393209	1.0054549569470894
0.09683943780961547	-1.6351056606983767	4.371158267657311	0.9938921983589444
0.09949257309207069	-1.6351056606983767	4.396875188893547	0.9822608088884409
0.1021457083745259	-1.6351056606983767	4.422288494280557	0.9705615917137544
0.10479884365698111	-1.6351056606983767	4.447396428962458	0.9587953546967426
0.10745197893943635	-1.6351056606983767	4.472197259170017	0.9469629103271602
0.11010511422189156	-1.6351056606983767	4.496689272340384	0.9350650756665545
0.11275824950434678	-1.6351056606983767	4.5208707772353325	0.9231026722918454
0.11541138478680199	-1.6351056606983767	4.544740104058059	0.911076526238593
0.11806452006925722	-1.6351056606983767	4.56829560456848	0.8989874679439579
0.12071765535171243	-1.6351056606983767	4.591535652197044	0.886836332189357
0.12337079063416764	-1.6351056606983767	4.614458642157061	0.8746239580428198
0.12602392591662287	-1.6351056606983767	4.637062991555504	0.8623511888010487
0.12867706119907807	-1.6351056606983767	4.659347139502323	0.850018871931187
0.13133019648153332	-1.6351056606983767	4.681309547218224	0.8376278590122992
0.13398333176398852	-1.6351056606983767	4.702948698140924	0.8251790056765665
0.13663646704644375	-1.6351056606983767	4.724263098029877	0.8126731715502046
0.13928960232889895	-1.6351056606983767	4.745251275069455	0.8001112201941025
0.14194273761135417	-1.6351056606983767	4.765911779970577	0.7874940190441928
0.1445958728938094	-1.6351056606983767	4.786243186070791	0.7748224393515517
0.1472490081762646	-1.6351056606983767	4.806244089432786	0.7620973561222383
0.14990214345871983	-1.6351056606983767	4.8259131089413385	0.7493196480568716
0.15255527874117505	-1.6351056606983767	4.845248886398682	0.7364901974899547
0.15520841402363028	-1.6351056606983767	4.864250086618295	0.7236098903289473
0.15786154930608548	-1.6351056606983767	4.882915397517095	0.7106796159930913
0.1605146845885407	-1.6351056606983767	4.90124353020605	0.697700267351994
0.1631678198709959	-1.6351056606983767	4.919233219079169	0.6846727406639729
0.16582095515345116	-1.6351056606983767	4.936883221900905	0.6715979355141675
0.16847409043590636	-1.6351056606983767	4.954192319891926	0.6584767547524193
0.1711272257183616	-1.6351056606983767	4.971159317813283	0.6453101044309291
0.17378036100081679	-1.6351056606983767	4.987783044048939	0.6320988937416901
0.176433496283272	-1.6351056606983767	5.004062350686675	0.6188440349537074
0.17908663156572724	-1.6351056606983767	5.019996113597354	0.6055464433500023
0.18173976684818244	-1.6351056606983767	5.035583232512546	0.5922070371644097
0.18439290213063766	-1.6351056606983767	5.050822631100506	0.5788267375181723
0.18704603741309286	-1.6351056606983767	5.065713257040498	0.565406468356334
0.18969917269554812	-1.6351056606983767	5.080254082095454	0.5519471563839397
0.19235230797800332	-1.6351056606983767	5.094444102182986	0.538449731002043
0.19500544326045854	-1.6351056606983767	5.108282337444713	0.5249151242435296
0.19765857854291374	-1.6351056606983767	5.121767832313928	0.5113442707087573
0.20031171382536897	-1.6351056606983767	5.134899655581578	0.49773810750101966
0.2029648491078242	-1.6351056606983767	5.147676900460571	0.48409757416183635
0.20561798439027942	-1.6351056606983767	5.160098684648386	0.47042361260607546
0.20827111967273462	-1.6351056606983767	5.172164150388005	0.4567171670569118
0.21092425495518988	-1.6351056606983767	5.183872464527139	0.44297918398062575
0.21357739023764505	-1.6351056606983767	5.195222818575761	0.42921061202124716
0.2162305255201003	-1.6351056606983767	5.206214428761935	0.41541240193504925
0.21888366080255553	-1.6351056606983767	5.216846536085936	0.401585506524896
0.22153679608501073	-1.6351056606983767	5.227118406372659	0.38773088057444904
0.22418993136746596	-1.6351056606983767	5.237029330322321	0.3738494807822369
0.22684306664992115	-1.6351056606983767	5.246578623559439	0.3599422656955927
0.22949620193237638	-1.6351056606983767	5.2557656266800805	0.3460101956444637
0.2321493372148316	-1.6351056606983767	5.264589705297409	0.3320542326750985
0.2348024724972868	-1.6351056606983767	5.273050250085479	0.3180753404836144
0.23745560777974203	-1.6351056606983767	5.2811466768213196	0.30407448434945233
0.2401087430621973	-1.6351056606983767	5.288878426425272	0.2900526310687214
0.24276187834465246	-1.6351056606983767	5.296244964999597	0.2760107488874393
0.24541501362710771	-1.6351056606983767	5.303245783865343	0.26194980743467206
0.24806814890956289	-1.6351056606983767	5.309880399597469	0.2478707776555788
0.2507212841920181	-1.6351056606983767	5.316148354058228	0.2337746317443654
0.25337441947447337	-1.6351056606983767	5.322049214428806	0.2196623430771519
0.25602755475692857	-1.6351056606983767	5.327582573239201	0.2055348861447583
0.25868069003938376	-1.6351056606983767	5.3327480483963665	0.1913932364854133
0.26133382532183896	-1.6351056606983767	5.337545283210597	0.17723837061739095
0.2639869606042942	-1.6351056606983767	5.3419739464201506	0.16307126597157953
0.2666400958867495	-1.6351056606983767	5.346033732214134	0.1488929008239871
0.2692932311692046	-1.6351056606983767	5.349724360253609	0.13470425422818919
0.27194636645165987	-1.6351056606983767	5.3530455756909605	0.1205063059477225
0.27459950173411507	-1.6351056606983767	5.355997149187485	0.10630003638842966
0.2772526370165703	-1.6351056606983767	5.3585788769292355	0.09208642653075952
0.2799057722990255	-1.6351056606983767	5.36079058064109	0.07786645786202796
0.2825589075814807	-1.6351056606983767	5.362632107599062	0.0636411123086436
0.285212042863936	-1.6351056606983767	5.364103330640851	0.04941137216830311
0.2878651781463912	-1.6351056606983767	5.365204148174617	0.03517822004216101
0.2905183134288464	-1.6351056606983767	5.365934484186003	0.020942638766978453
0.29317144871130163	-1.6351056606983767	5.366294288243377	0.006705611347255762
0.29582458399375683	-1.6351056606983767	5.366283535501316	-0.007531879112646649
0.29847771927621203	-1.6351056606983767	5.365902226702328	-0.021768849476394212
0.3011308545586673	-1.6351056606983767	5.365150388176793	-0.03600431664356638
0.3037839898411225	-1.6351056606983767	5.364028071841147	-0.050237297617542295
0.30643712512357774	-1.6351056606983767	5.362535355194297	-0.0644668095733793
0.30909026040603294	-1.6351056606983767	5.360672341312274	-0.07869186992567964
0.31174339568848813	-1.6351056606983767	5.358439158841107	-0.0929114963964405
0.3143965309709434	-1.6351056606983767	5.355835961987948	-0.10712470708288298
0.3170496662533986	-1.6351056606983767	5.352862930510416	-0.121330520525255
0.3197028015358538	-1.6351056606983767	5.3495202697041915	-0.1355279557746038
0.32235593681830904	-1.6351056606983767	5.345808210388835	-0.1497160324605129
0.32500907210076424	-1.6351056606983767	5.34172700889185	-0.1638937708587994
0.3276622073832195	-1.6351056606983767	5.337276947030982	-0.17806019195916645
0.33031534266567464	-1.6351056606983767	5.332458332094762	-0.1922143175328066
0.3329684779481299	-1.6351056606983767	5.327271496821283	-0.20635517019995087
0.33562161323058515	-1.6351056606983767	5.321716799375226	-0.22048177349735967
0.33827474851304035	-1.6351056606983767	5.315794623323124	-0.23459315194574998
0.34092788379549555	-1.6351056606983767	5.309505377606883	-0.24868833111715485
0.34358101907795074	-1.6351056606983767	5.302849496515536	-0.2627663377022102
0.346234154360406	-1.6351056606983767	5.29582743965526	-0.27682619957736443
0.3488872896428612	-1.6351056606983767	5.288439691917634	-0.29086694587200607
0.3515404249253164	-1.6351056606983767	5.280686763446159	-0.304887607035505
0.35419356020777165	-1.6351056606983767	5.272569189601031	-0.31888721490416244
0.35684669549022685	-1.6351056606983767	5.264087530922172	-0.33286480276806535
0.35949983077268205	-1.6351056606983767	5.255242373090525	-0.3468194054378401
0.3621529660551373	-1.6351056606983767	5.246034326887608	-0.36075005931130144
0.3648061013375925	-1.6351056606983767	5.236464028153342	-0.3746558024399919
0.36745923662004776	-1.6351056606983767	5.22653213774214	-0.38853567459560673
0.37011237190250296	-1.6351056606983767	5.216239341477277	-0.40238871733630005
0.37276550718495816	-1.6351056606983767	5.205586350103532	-0.4162139740728682
0.3754186424674134	-1.6351056606983767	5.194573899238106	-0.43001049013480436
0.3780717777498686	-1.6351056606983767	5.183202749319828	-0.44377731283622124
0.3807249130323238	-1.6351056606983767	5.171473685556646	-0.4575134915416367
0.38337804831477906	-1.6351056606983767	5.1593875178714015	-0.47121807773161734
0.38603118359723426	-1.6351056606983767	5.146945080845909	-0.4848901250682765
0.38868431887968946	-1.6351056606983767	5.134147233663319	-0.49852868946062123
0.39133745416214466	-1.6351056606983767	5.120994860048796	-0.5121328291297446
0.3939905894445999	-1.6351056606983767	5.107488868208487	-0.5257016046738573
0.39664372472705517	-1.6351056606983767	5.093630190766817	-0.5392340791331567
0.39929686000951037	-1.6351056606983767	5.079419784702078	-0.552729318054526
0.40194999529196557	-1.6351056606983767	5.064858631280357	-0.5661863895560604
0.40460313057442077	-1.6351056606983767	5.049947735987771	-0.5796043643914165
0.407256265856876	-1.6351056606983767	5.0346881284610365	-0.592982316013979
0.4099094011393312	-1.6351056606983767	5.019080862416374	-0.6063193206408409
0.4125625364217864	-1.6351056606983767	5.003127015576741	-0.6196144573165939
0.4152156717042416	-1.6351056606983767	4.986827689597414	-0.6328668079769222
0.4178688069866969	-1.6351056606983767	4.970184009989919	-0.646075457511997
0.42052194226915207	-1.6351056606983767	4.953197126044309	-0.6592394938296683
0.42317507755160727	-1.6351056606983767	4.935868210749802	-0.6723580079184462
0.4258282128340626	-1.6351056606983767	4.9181984607137865	-0.6854300939102711
0.4284813481165177	-1.6351056606983767	4.900189096079189	-0.6984548491430663
0.4311344833989729	-1.6351056606983767	4.881841360440223	-0.711431374223069
0.43378761868142823	-1.6351056606983767	4.863156520756513	-0.7243587730869356
0.43644075396388343	-1.6351056606983767	4.844135867265606	-0.737236153063618
0.4390938892463386	-1.6351056606983767	4.824780713393883	-0.7500626249360041
0.4417470245287939	-1.6351056606983767	4.805092395665861	-0.7628373030023211
0.4444001598112491	-1.6351056606983767	4.785072273611897	-0.7755593051372951
0.4470532950937043	-1.6351056606983767	4.764721729674317	-0.7882277528530646
0.4497064303761594	-1.6351056606983767	4.7440421691119505	-0.8008417713598424
0.45235956565861474	-1.6351056606983767	4.723035019903094	-0.8134004896263216
0.45501270094106994	-1.6351056606983767	4.701701732646905	-0.8259030404398235
0.45766583622352514	-1.6351056606983767	4.680043780463235	-0.8383485604661801
0.4603189715059804	-1.6351056606983767	4.658062658890908	-0.8507361903093501
0.4629721067884356	-1.6351056606983767	4.635759885784447	-0.8630650745707621
0.4656252420708908	-1.6351056606983767	4.613137001209262	-0.8753343619083824
0.46827837735334604	-1.6351056606983767	4.590195567335309	-0.8875432050955026
0.47093151263580124	-1.6351056606983767	4.566937168329211	-0.8996907610792423
0.47358464791825644	-1.6351056606983767	4.543363410244875	-0.9117761910387645
0.4762377832007117	-1.6351056606983767	4.519475920912582	-0.9237986604431986
0.4788909184831669	-1.6351056606983767	4.495276349826585	-0.9357573391092662
0.4815440537656221	-1.6351056606983767	4.47076636803121	-0.9476514012586083
0.4841971890480773	-1.6351056606983767	4.445947668005458	-0.9594800255748069
0.48685032433053255	-1.6351056606983767	4.420821963546144	-0.9712423952600995
0.48950345961298775	-1.6351056606983767	4.395390989649546	-0.9829376980917808
0.49215659489544294	-1.6351056606983767	4.369656502391607	-0.9945651264782888
0.49480973017789825	-1.6351056606983767	4.343620278806667	-1.0061238775149715
0.49746286546035345	-1.6351056606983767	4.317284116764757	-1.0176131530395292
0.5001160007428086	-1.6351056606983767	4.290649834847453	-1.02903215968713
0.5027691360252639	-1.6351056606983767	4.263719272222293	-1.0403801089451936
0.5054222713077191	-1.6351056606983767	4.236494288515782	-1.05165621720784
0.5080754065901742	-1.6351056606983767	4.208976763684981	-1.0628597058300004
0.5107285418726295	-1.6351056606983767	4.181168597887684	-1.0739898011811833
0.5133816771550848	-1.6351056606983767	4.153071711351215	-1.0850457346988964
0.5160348124375399	-1.6351056606983767	4.124688044239828	-1.0960267429417188
0.5186879477199952	-1.6351056606983767	4.096019556520731	-1.1069320676420173
0.5213410830024504	-1.6351056606983767	4.0670682278287495	-1.117760955758307
0.5239942182849056	-1.6351056606983767	4.037836057329625	-1.1285126595272517
0.5266473535673608	-1.6351056606983767	4.008325063581967	-1.1391864365152977
0.5293004888498161	-1.6351056606983767	3.978537284397869	-1.1497815496699417
0.5319536241322713	-1.6351056606983767	3.9484747767021884	-1.1602972673706262
0.5346067594147265	-1.6351056606983767	3.918139616390512	-1.1707328634792593
0.5372598946971817	-1.6351056606983767	3.8875338981858123	-1.1810876173903566
0.539913029979637	-1.6351056606983767	3.8566597354937966	-1.1913608140808012
0.5425661652620921	-1.6351056606983767	3.8255192602569754	-1.201551744159218
0.5452193005445474	-1.6351056606983767	3.7941146228074425	-1.2116597039149584
0.5478724358270026	-1.6351056606983767	3.762447991718392	-1.2216839953666943
0.5505255711094578	-1.6351056606983767	3.7305215536543694	-1.2316239263106143
0.553178706391913	-1.6351056606983767	3.6983375132202796	-1.241478810368224
0.5558318416743683	-1.6351056606983767	3.665898092809151	-1.2512479670337402
0.5584849769568234	-1.6351056606983767	3.6332055324486747	-1.2609307217210832
0.5611381122392787	-1.6351056606983767	3.600262089646524	-1.270526405810458
0.5637912475217339	-1.6351056606983767	3.5670700392344665	-1.2800343566945247
0.5664443828041891	-1.6351056606983767	3.5336316732112847	-1.2894539178241526
0.5690975180866443	-1.6351056606983767	3.499949300584503	-1.2987844387537575
0.5717506533690996	-1.6351056606983767	3.4660252472109465	-1.308025275186216
0.5744037886515547	-1.6351056606983767	3.431861855636135	-1.3171757890173563
0.57705692393401	-1.6351056606983767	3.3974614849325233	-1.326235348380021
0.5797100592164652	-1.6351056606983767	3.362826510536601	-1.335203327687699
0.5823631944989204	-1.6351056606983767	3.327959324084863	-1.3440791076777234
0.5850163297813756	-1.6351056606983767	3.2928623332486597	-1.352862075454035
0.5876694650638308	-1.6351056606983767	3.257537961567942	-1.361551624529502
0.5903226003462861	-1.6351056606983767	3.221988648283908	-1.3701471548678015
0.5929757356287413	-1.6351056606983767	3.186216848170569	-1.3786480729248525
0.5956288709111964	-1.6351056606983767	3.1502250313652382	-1.3870537916898016
0.5982820061936518	-1.6351056606983767	3.1140156831979646	-1.3953637307255589
0.6009351414761069	-1.6351056606983767	3.0775913040199114	-1.4035773162088774
0.6035882767585621	-1.6351056606983767	3.040954409030701	-1.4116939809699776
0.6062414120410174	-1.6351056606983767	3.0041075281047345	-1.4197131645317116
0.6088945473234726	-1.6351056606983767	2.9670532056164967	-1.4276343131482665
0.6115476826059278	-1.6351056606983767	2.9297940002648604	-1.4354568798434009
0.614200817888383	-1.6351056606983767	2.8923324848964014	-1.4431803244482155
0.6168539531708382	-1.6351056606983767	2.854671246327737	-1.450804113638454
0.6195070884532935	-1.6351056606983767	2.816812885166899	-1.458327720971329
0.6221602237357486	-1.6351056606983767	2.7787600156337544	-1.465750626921875
0.6248133590182039	-1.6351056606983767	2.7405152653794884	-1.4730723189188235
0.6274664943006591	-1.6351056606983767	2.7020812753051557	-1.480292291379997
0.6301196295831143	-1.6351056606983767	2.663460699379322	-1.48741004574722
0.6327727648655695	-1.6351056606983767	2.624656204454798	-1.494425090520747
0.6354259001480248	-1.6351056606983767	2.5856704700844872	-1.5013369412932016
0.63807903543048	-1.6351056606983767	2.5465061883363567	-1.508145120783025
0.6407321707129352	-1.6351056606983767	2.5071660636075404	-1.5148491588674349
0.6433853059953905	-1.6351056606983767	2.4676528124375956	-1.5214485926148886
0.6460384412778456	-1.6351056606983767	2.4279691633209177	-1.5279429663170485
0.6486915765603009	-1.6351056606983767	2.3881178565183303	-1.5343318315202512
0.6513447118427561	-1.6351056606983767	2.3481016438678632	-1.5406147470564733
0.6539978471252113	-1.6351056606983767	2.3079232885947305	-1.5467912790737968
0.6566509824076665	-1.6351056606983767	2.267585565120524	-1.5528610010663662
0.6593041176901218	-1.6351056606983767	2.227091258871629	-1.5588234939038401
0.6619572529725769	-1.6351056606983767	2.1864431660868866	-1.5646783458603344
0.6646103882550322	-1.6351056606983767	2.145644093624504	-1.5704251526428517
0.6672635235374874	-1.6351056606983767	2.1046968587682335	-1.5760635174191995
0.6699166588199427	-1.6351056606983767	2.063604289032834	-1.5815930508453921
0.6725697941023978	-1.6351056606983767	2.022369221968819	-1.5870133710925365
0.6752229293848531	-1.6351056606983767	1.9809945049665216	-1.592324103873198
0.6778760646673083	-1.6351056606983767	1.939482995059471	-1.5975248824672459
0.6805291999497635	-1.6351056606983767	1.897837558727108	-1.602615347747177
0.6831823352322187	-1.6351056606983767	1.8560610716968466	-1.6075951482029134
0.685835470514674	-1.6351056606983767	1.8141564187454986	-1.6124639399660765
0.6884886057971291	-1.6351056606983767	1.7721264935000705	-1.6172213868337304
0.6911417410795844	-1.6351056606983767	1.7299741982379522	-1.6218671602915988
0.6937948763620396	-1.6351056606983767	1.687702443686506	-1.6264009395367496
0.6964480116444948	-1.6351056606983767	1.6453141488220746	-1.6308224114997463
0.69910114692695	-1.6351056606983767	1.6028122406684167	-1.6351312708662677
0.7017542822094053	-1.6351056606983767	1.5601996540945886	-1.6393272200981897
0.7044074174918604	-1.6351056606983767	1.5174793316122845	-1.643409969454131
0.7070605527743157	-1.6351056606983767	1.4746542231726474	-1.647379237009462
0.7097136880567709	-1.6351056606983767	1.4317272859625676	-1.6512347486757692
0.7123668233392261	-1.6351056606983767	1.388701484200481	-1.654976238219786
0.7150199586216813	-1.6351056606983767	1.3455797889316823	-1.658603447281773
0.7176730939041365	-1.6351056606983767	1.3023651778231657	-1.662116125393361
0.7203262291865918	-1.6351056606983767	1.25906063495801	-1.6655140299948452
0.722979364469047	-1.6351056606983767	1.2156691506293194	-1.6687969264519344
0.7256324997515021	-1.6351056606983767	1.1721937211337359	-1.6719645880719547
0.7282856350339575	-1.6351056606983767	1.1286373485645367	-1.6750167961195015
0.7309387703164126	-1.6351056606983767	1.0850030406043327	-1.6779533398315447
0.7335919055988678	-1.6351056606983767	1.041293810317379	-1.680774016431982
0.7362450408813231	-1.6351056606983767	0.9975126759415154	-1.6834786311456411
0.7388981761637783	-1.6351056606983767	0.9536626606797493	-1.6860669972117301
0.7415513114462335	-1.6351056606983767	0.909746792491495	-1.6885389358967333
0.7442044467286888	-1.6351056606983767	0.8657681038834854	-1.690894276506753
0.7468575820111439	-1.6351056606983767	0.8217296317003695	-1.6931328563992964
0.7495107172935992	-1.6351056606983767	0.7776344169150099	-1.6952545209945076
0.7521638525760543	-1.6351056606983767	0.733485504418496	-1.6972591237858405
0.7548169878585096	-1.6351056606983767	0.6892859428098861	-1.6991465263501755
0.7574701231409648	-1.6351056606983767	0.6450387841856932	-1.7009165983573789
0.76012325842342	-1.6351056606983767	0.6007470839291302	-1.7025692175793015
0.7627763937058752	-1.6351056606983767	0.5564139004991275	-1.7041042698982196
0.7654295289883305	-1.6351056606983767	0.5120422952191381	-1.7055216493147145
0.7680826642707856	-1.6351056606983767	0.46763533206574526	-1.7068212579549926
0.7707357995532409	-1.6351056606983767	0.42319607745708676	-1.7080030060776437
0.7733889348356962	-1.6351056606983767	0.3787276000411109	-1.709066812079837
0.7760420701181513	-1.6351056606983767	0.3342329704836777	-1.7100126025029578
0.7786952054006067	-1.6351056606983767	0.2897152612565221	-1.710840312037678
0.7813483406830618	-1.6351056606983767	0.24517754642509076	-1.7115498835284677
0.784001475965517	-1.6351056606983767	0.20062290143627046	-1.71214126797754
0.7866546112479722	-1.6351056606983767	0.15605440290602	-1.7126144245482369
0.7893077465304275	-1.6351056606983767	0.1114751284069218	-1.7129693205678462
0.7919608818128826	-1.6351056606983767	0.06688815625566742	-1.7132059315298607
0.7946140170953379	-1.6351056606983767	0.02229656530049166	-1.7133242410956682
0.7972671523777931	-1.6351056606983767	-0.022296565291430114	-1.7133242410956802
0.7999202876602483	-1.6351056606983767	-0.06688815624660652	-1.7132059315298969
0.8025734229427035	-1.6351056606983767	-0.11147512839786214	-1.7129693205679064
0.8052265582251588	-1.6351056606983767	-0.15605440289696224	-1.712614424548321
0.8078796935076139	-1.6351056606983767	-0.2006229014272152	-1.7121412679776484
0.8105328287900692	-1.6351056606983767	-0.24517754641603864	-1.7115498835286
0.8131859640725244	-1.6351056606983767	-0.2897152612474737	-1.7108403120378346
0.8158390993549796	-1.6351056606983767	-0.3342329704746338	-1.7100126025031384
0.8184922346374348	-1.6351056606983767	-0.3787276000320719	-1.7090668120800414
0.8211453699198901	-1.6351056606983767	-0.42319607744805343	-1.708003006077872
0.8237985052023452	-1.6351056606983767	-0.4676353320567182	-1.7068212579552449
0.8264516404848005	-1.6351056606983767	-0.5120422952101179	-1.7055216493149905
0.8291047757672557	-1.6351056606983767	-0.5564139004901149	-1.7041042698985196
0.8317579110497109	-1.6351056606983767	-0.6007470839201257	-1.7025692175796254
0.8344110463321661	-1.6351056606983767	-0.6450387841766974	-1.7009165983577268
0.8370641816146215	-1.6351056606983767	-0.6892859428008996	-1.6991465263505474
0.8397173168970765	-1.6351056606983767	-0.7334855044095195	-1.6972591237862362
0.8423704521795318	-1.6351056606983767	-0.777634416906044	-1.6952545209949272
0.8450235874619871	-1.6351056606983767	-0.8217296316914148	-1.6931328563997399
0.8476767227444422	-1.6351056606983767	-0.8657681038745426	-1.6908942765072201
0.8503298580268974	-1.6351056606983767	-0.9097467924825646	-1.6885389358972245
0.8529829933093528	-1.6351056606983767	-0.953662660670832	-1.6860669972122448
0.8556361285918078	-1.6351056606983767	-0.9975126759326118	-1.6834786311461796
0.8582892638742632	-1.6351056606983767	-1.0412938103084897	-1.680774016432544
0.8609423991567184	-1.6351056606983767	-1.0850030405954583	-1.6779533398321302
0.8635955344391735	-1.6351056606983767	-1.128637348555678	-1.6750167961201108
0.8662486697216288	-1.6351056606983767	-1.1721937211248932	-1.6719645880725875
0.8689018050040839	-1.6351056606983767	-1.2156691506204935	-1.6687969264525904
0.8715549402865391	-1.6351056606983767	-1.2590606349492015	-1.6655140299955244
0.8742080755689945	-1.6351056606983767	-1.3023651778143752	-1.6621161253940637
0.8768612108514495	-1.6351056606983767	-1.3455797889229104	-1.658603447282499
0.8795143461339049	-1.6351056606983767	-1.3887014841917285	-1.6549762382205353
0.8821674814163601	-1.6351056606983767	-1.4317272859538348	-1.651234748676542
0.8848206166988152	-1.6351056606983767	-1.474654223163935	-1.6473792370102578
0.8874737519812705	-1.6351056606983767	-1.517479331603593	-1.6434099694549502
0.8901268872637258	-1.6351056606983767	-1.5601996540859189	-1.6393272200990316
0.8927800225461809	-1.6351056606983767	-1.6028122406597691	-1.6351312708671328
0.8954331578286362	-1.6351056606983767	-1.64531414881345	-1.6308224115006345
0.8980862931110914	-1.6351056606983767	-1.6877024436779047	-1.6264009395376606
0.9007394283935466	-1.6351056606983767	-1.7299741982293748	-1.6218671602925328
0.9033925636760018	-1.6351056606983767	-1.7721264934915177	-1.617221386834687
0.9060456989584571	-1.6351056606983767	-1.814156418736971	-1.6124639399670557
0.9086988342409122	-1.6351056606983767	-1.8560610716883448	-1.6075951482039152
0.9113519695233675	-1.6351056606983767	-1.8978375587186325	-1.6026153477482012
0.9140051048058228	-1.6351056606983767	-1.9394829950510226	-1.5975248824682926
0.9166582400882779	-1.6351056606983767	-1.9809945049581008	-1.592324103874267
0.9193113753707332	-1.6351056606983767	-2.0223692219604263	-1.587013371093628
0.9219645106531884	-1.6351056606983767	-2.0636042890244695	-1.581593050846506
0.9246176459356436	-1.6351056606983767	-2.104696858759899	-1.5760635174203355
0.9272707812180988	-1.6351056606983767	-2.145644093616199	-1.5704251526440098
0.929923916500554	-1.6351056606983767	-2.1864431660786123	-1.5646783458615146
0.9325770517830092	-1.6351056606983767	-2.2270912588633855	-1.5588234939050423
0.9352301870654645	-1.6351056606983767	-2.267585565112312	-1.55286100106759
0.9378833223479196	-1.6351056606983767	-2.307923288586551	-1.5467912790750424
0.9405364576303749	-1.6351056606983767	-2.348101643859716	-1.5406147470577407
0.9431895929128301	-1.6351056606983767	-2.3881178565102164	-1.53433183152154
0.9458427281952853	-1.6351056606983767	-2.4279691633128375	-1.5279429663183588
0.9484958634777405	-1.6351056606983767	-2.46765281242955	-1.5214485926162205
0.9511489987601958	-1.6351056606983767	-2.50716606359953	-1.514849158868788
0.9538021340426509	-1.6351056606983767	-2.5465061883283813	-1.5081451207843992
0.9564552693251062	-1.6351056606983767	-2.5856704700765483	-1.501336941294597
0.9591084046075614	-1.6351056606983767	-2.6246562044468953	-1.4944250905221637
0.9617615398900166	-1.6351056606983767	-2.663460699371457	-1.4874100457486574
0.9644146751724718	-1.6351056606983767	-2.7020812752973282	-1.4802922913814553
0.9670678104549272	-1.6351056606983767	-2.7405152653716986	-1.4730723189203025
0.9697209457373822	-1.6351056606983767	-2.7787600156260037	-1.4657506269233747
0.9723740810198375	-1.6351056606983767	-2.8168128851591874	-1.4583277209728491
0.9750272163022928	-1.6351056606983767	-2.8546712463200654	-1.450804113639995
0.9776803515847479	-1.6351056606983767	-2.89233248488877	-1.4431803244497767
0.9803334868672031	-1.6351056606983767	-2.92979400025727	-1.4354568798449823
0.9829866221496585	-1.6351056606983767	-2.9670532056089476	-1.4276343131498679
0.9856397574321135	-1.6351056606983767	-3.004107528097227	-1.419713164533333
0.9882928927145689	-1.6351056606983767	-3.0409544090232363	-1.411693980971619
0.9909460279970241	-1.6351056606983767	-3.07759130401249	-1.4035773162105385
0.9935991632794792	-1.6351056606983767	-3.1140156831905865	-1.3953637307272397
0.9962522985619345	-1.6351056606983767	-3.1502250313579045	-1.387053791691502
0.9989054338443896	-1.6351056606983767	-3.186216848163279	-1.3786480729265722
1.001558569126845	-1.6351056606983767	-3.2219886482766635	-1.3701471548695405
1.0042117044093002	-1.6351056606983767	-3.2575379615607427	-1.3615516245312604
1.0068648396917552	-1.6351056606983767	-3.292862333241507	-1.3528620754558123
1.0095179749742105	-1.6351056606983767	-3.3279593240777565	-1.3440791076795198
1.0121711102566657	-1.6351056606983767	-3.3628265105295414	-1.3352033276895137
1.014824245539121	-1.6351056606983767	-3.397461484925511	-1.3262353483818545
1.0174773808215762	-1.6351056606983767	-3.4318618556291707	-1.3171757890192084
1.0201305161040315	-1.6351056606983767	-3.4660252472040307	-1.3080252751880865
1.0227836513864865	-1.6351056606983767	-3.499949300577636	-1.2987844387556462
1.0254367866689418	-1.6351056606983767	-3.5336316732044675	-1.2894539178260596
1.028089921951397	-1.6351056606983767	-3.5670700392276995	-1.2800343566964498
1.0307430572338523	-1.6351056606983767	-3.6002620896398065	-1.2705264058124013
1.0333961925163075	-1.6351056606983767	-3.6332055324420085	-1.260930721723044
1.0360493277987628	-1.6351056606983767	-3.665898092802536	-1.2512479670357186
1.0387024630812178	-1.6351056606983767	-3.6983375132137164	-1.2414788103702201
1.041355598363673	-1.6351056606983767	-3.730521553647858	-1.2316239263126278
1.0440087336461286	-1.6351056606983767	-3.7624479917119333	-1.2216839953687249
1.0466618689285836	-1.6351056606983767	-3.7941146228010374	-1.2116597039170063
1.0493150042110388	-1.6351056606983767	-3.8255192602506236	-1.2015517441612826
1.051968139493494	-1.6351056606983767	-3.856659735487499	-1.1913608140828826
1.0546212747759491	-1.6351056606983767	-3.8875338981795684	-1.1810876173924545
1.0572744100584046	-1.6351056606983767	-3.9181396163843236	-1.1707328634813736
1.0599275453408599	-1.6351056606983767	-3.9484747766960546	-1.160297267372757
1.062580680623315	-1.6351056606983767	-3.978537284391791	-1.1497815496720887
1.0652338159057702	-1.6351056606983767	-4.0083250635759455	-1.1391864365174604
1.0678869511882252	-1.6351056606983767	-4.03783605732366	-1.1285126595294304
1.0705400864706804	-1.6351056606983767	-4.067068227822841	-1.1177609557605015
1.073193221753136	-1.6351056606983767	-4.0960195565148805	-1.1069320676442274
1.075846357035591	-1.6351056606983767	-4.124688044234035	-1.0960267429439443
1.0784994923180462	-1.6351056606983767	-4.15307171134548	-1.085045734701137
1.0811526276005015	-1.6351056606983767	-4.1811685978820075	-1.073989801183439
1.0838057628829565	-1.6351056606983767	-4.208976763679363	-1.062859705832271
1.086458898165412	-1.6351056606983767	-4.236494288510224	-1.0516562172101256
1.0891120334478672	-1.6351056606983767	-4.263719272216794	-1.0403801089474936
1.0917651687303223	-1.6351056606983767	-4.2906498348420135	-1.0290321596894443
1.0944183040127775	-1.6351056606983767	-4.317284116759379	-1.017613153041858
1.0970714392952328	-1.6351056606983767	-4.34362027880135	-1.0061238775173145
1.099724574577688	-1.6351056606983767	-4.369656502386351	-0.9945651264806459
1.1023777098601433	-1.6351056606983767	-4.395390989644352	-0.9829376980941518
1.1050308451425985	-1.6351056606983767	-4.4208219635410115	-0.9712423952624842
1.1076839804250536	-1.6351056606983767	-4.445947668000388	-0.9594800255772051
1.1103371157075088	-1.6351056606983767	-4.470766368026202	-0.9476514012610199
1.112990250989964	-1.6351056606983767	-4.495276349821641	-0.935757339111691
1.1156433862724193	-1.6351056606983767	-4.519475920907699	-0.9237986604456365
1.1182965215548746	-1.6351056606983767	-4.543363410240056	-0.9117761910412153
1.1209496568373298	-1.6351056606983767	-4.566937168324457	-0.8996907610817058
1.1236027921197849	-1.6351056606983767	-4.5901955673306185	-0.8875432050979786
1.1262559274022401	-1.6351056606983767	-4.613137001204636	-0.8753343619108708
1.1289090626846954	-1.6351056606983767	-4.635759885779886	-0.8630650745732626
1.1315621979671506	-1.6351056606983767	-4.658062658886413	-0.8507361903118627
1.1342153332496059	-1.6351056606983767	-4.6800437804588055	-0.8383485604687045
1.136868468532061	-1.6351056606983767	-4.701701732642541	-0.8259030404423596
1.1395216038145162	-1.6351056606983767	-4.723035019898797	-0.8134004896288692
1.1421747390969714	-1.6351056606983767	-4.74404216910772	-0.8008417713624012
1.1448278743794267	-1.6351056606983767	-4.7647217296701525	-0.7882277528556346
1.147481009661882	-1.6351056606983767	-4.7850722736078	-0.7755593051398759
1.1501341449443372	-1.6351056606983767	-4.8050923956618306	-0.7628373030049127
1.1527872802267922	-1.6351056606983767	-4.824780713389921	-0.7500626249386063
1.1554404155092475	-1.6351056606983767	-4.844135867261711	-0.7372361530662307
1.1580935507917027	-1.6351056606983767	-4.8631565207526855	-0.7243587730895585
1.160746686074158	-1.6351056606983767	-4.881841360436465	-0.7114313742257019
1.1633998213566132	-1.6351056606983767	-4.9001890960755	-0.6984548491457091
1.1660529566390685	-1.6351056606983767	-4.918198460710165	-0.6854300939129236
1.1687060919215235	-1.6351056606983767	-4.93586821074625	-0.6723580079211081
1.1713592272039788	-1.6351056606983767	-4.953197126040826	-0.6592394938323396
1.1740123624864343	-1.6351056606983767	-4.9701840099865064	-0.6460754575146774
1.1766654977688893	-1.6351056606983767	-4.9868276895940715	-0.6328668079796114
1.1793186330513445	-1.6351056606983767	-5.003127015573468	-0.6196144573192921
1.1819717683337998	-1.6351056606983767	-5.019080862413172	-0.6063193206435475
1.1846249036162548	-1.6351056606983767	-5.034688128457905	-0.5929823160166939
1.1872780388987103	-1.6351056606983767	-5.04994773598471	-0.5796043643941396
1.1899311741811656	-1.6351056606983767	-5.064858631277367	-0.5661863895587916
1.1925843094636206	-1.6351056606983767	-5.07941978469916	-0.552729318057265
1.1952374447460758	-1.6351056606983767	-5.09363019076397	-0.5392340791359034
1.1978905800285309	-1.6351056606983767	-5.107488868205712	-0.5257016046766114
1.2005437153109861	-1.6351056606983767	-5.120994860046093	-0.5121328291325059
1.2031968505934416	-1.6351056606983767	-5.134147233660688	-0.4985286894633898
1.2058499858758966	-1.6351056606983767	-5.1469450808433495	-0.4848901250710519
1.208503121158352	-1.6351056606983767	-5.159387517868915	-0.4712180777343995
1.2111562564408072	-1.6351056606983767	-5.171473685554231	-0.45751349154442533
1.2138093917232622	-1.6351056606983767	-5.183202749317486	-0.44377731283901617
1.2164625270057177	-1.6351056606983767	-5.194573899235837	-0.4300104901376054
1.219115662288173	-1.6351056606983767	-5.205586350101336	-0.4162139740756752
1.221768797570628	-1.6351056606983767	-5.216239341475154	-0.4023887173391128
1.2244219328530832	-1.6351056606983767	-5.22653213774009	-0.388535674598425
1.2270750681355385	-1.6351056606983767	-5.2364640281513655	-0.37465580244281554
1.2297282034179937	-1.6351056606983767	-5.246034326885705	-0.3607500593141302
1.232381338700449	-1.6351056606983767	-5.255242373088696	-0.34681940544067374
1.2350344739829042	-1.6351056606983767	-5.264087530920417	-0.33286480277090374
1.2376876092653593	-1.6351056606983767	-5.272569189599349	-0.3188872149070054
1.2403407445478145	-1.6351056606983767	-5.280686763444551	-0.3048876070383523
1.2429938798302698	-1.6351056606983767	-5.288439691916101	-0.29086694587485756
1.245647015112725	-1.6351056606983767	-5.2958274396538005	-0.2768261995802199
1.2483001503951803	-1.6351056606983767	-5.302849496514152	-0.2627663377050695
1.2509532856776355	-1.6351056606983767	-5.309505377605572	-0.24868833112001776
1.2536064209600906	-1.6351056606983767	-5.315794623321889	-0.23459315194861627
1.2562595562425458	-1.6351056606983767	-5.321716799374064	-0.22048177350022913
1.258912691525001	-1.6351056606983767	-5.327271496820197	-0.2063551702028233
1.2615658268074563	-1.6351056606983767	-5.332458332093751	-0.1922143175356818
1.2642189620899116	-1.6351056606983767	-5.337276947030046	-0.17806019196204428
1.2668720973723666	-1.6351056606983767	-5.341727008890988	-0.16389377086167958
1.2695252326548219	-1.6351056606983767	-5.345808210388048	-0.14971603246339527
1.2721783679372771	-1.6351056606983767	-5.34952026970348	-0.13552795577748816
1.2748315032197324	-1.6351056606983767	-5.3528629305097795	-0.12133052052814115
1.2774846385021876	-1.6351056606983767	-5.3558359619873865	-0.10712470708577071
1.2801377737846429	-1.6351056606983767	-5.35843915884062	-0.09291149639932962
1.282790909067098	-1.6351056606983767	-5.360672341311862	-0.07869186992856994
1.2854440443495532	-1.6351056606983767	-5.362535355193961	-0.06446680957627061
1.2880971796320084	-1.6351056606983767	-5.3640280718408855	-0.05023729762043439
1.2907503149144637	-1.6351056606983767	-5.365150388176608	-0.03600431664645907
1.293403450196919	-1.6351056606983767	-5.365902226702219	-0.02176884947928729
1.2960565854793742	-1.6351056606983767	-5.366283535501282	-0.007531879115539918
1.2987097207618292	-1.6351056606983767	-5.366294288243417	0.0067056113443625005
1.3013628560442845	-1.6351056606983767	-5.365934484186119	0.0209426387640854
1.30401599132674	-1.6351056606983767	-5.365204148174809	0.03517822003926836
1.306669126609195	-1.6351056606983767	-5.364103330641117	0.049411372165411076
1.3093222618916502	-1.6351056606983767	-5.362632107599404	0.06364111230575238
1.3119753971741055	-1.6351056606983767	-5.360790580641506	0.07786645785913775
1.3146285324565605	-1.6351056606983767	-5.358578876929728	0.09208642652787051
1.317281667739016	-1.6351056606983767	-5.3559971491880525	0.10630003638554207
1.3199348030214713	-1.6351056606983767	-5.353045575691603	0.12050630594483652
1.3225879383039263	-1.6351056606983767	-5.349724360254327	0.13470425422530502
1.3252410735863815	-1.6351056606983767	-5.346033732214926	0.14889290082110493
1.3278942088688366	-1.6351056606983767	-5.341973946421018	0.16307126596869956
1.3305473441512918	-1.6351056606983767	-5.337545283211539	0.17723837061451342
1.3332004794337473	-1.6351056606983767	-5.332748048397384	0.19139323648253834
1.3358536147162023	-1.6351056606983767	-5.327582573240293	0.20553488614188611
1.3385067499986576	-1.6351056606983767	-5.322049214429973	0.21966234307428276
1.3411598852811129	-1.6351056606983767	-5.31614835405947	0.23377463174149946
1.3438130205635679	-1.6351056606983767	-5.309880399598785	0.24787077765271626
1.3464661558460234	-1.6351056606983767	-5.303245783866734	0.2619498074318131
1.3491192911284786	-1.6351056606983767	-5.296244965001062	0.2760107488845842
1.3517724264109336	-1.6351056606983767	-5.288878426426812	0.29005263106587026
1.354425561693389	-1.6351056606983767	-5.281146676822933	0.30407448434660533
1.3570786969758442	-1.6351056606983767	-5.2730502500871665	0.31807534048077174
1.3597318322582994	-1.6351056606983767	-5.26458970529917	0.3320542326722604
1.3623849675407547	-1.6351056606983767	-5.255765626681916	0.3460101956416305
1.36503810282321	-1.6351056606983767	-5.246578623561348	0.3599422656927644
1.367691238105665	-1.6351056606983767	-5.237029330324304	0.37384948077941377
1.3703443733881202	-1.6351056606983767	-5.227118406374714	0.3877308805716313
1.3729975086705755	-1.6351056606983767	-5.216846536088065	0.4015855065220838
1.3756506439530307	-1.6351056606983767	-5.206214428764138	0.41541240193224277
1.378303779235486	-1.6351056606983767	-5.195222818578037	0.4292106120184467
1.3809569145179412	-1.6351056606983767	-5.183872464529487	0.4429791839778314
1.3836100498003963	-1.6351056606983767	-5.172164150390425	0.4567171670541238
1.3862631850828515	-1.6351056606983767	-5.160098684650879	0.47042361260329396
1.3889163203653068	-1.6351056606983767	-5.147676900463136	0.48409757415906157
1.391569455647762	-1.6351056606983767	-5.134899655584216	0.49773810749825176
1.3942225909302173	-1.6351056606983767	-5.121767832316638	0.5113442707059964
1.3968757262126723	-1.6351056606983767	-5.108282337447495	0.5249151242407759
1.3995288614951276	-1.6351056606983767	-5.094444102185839	0.5384497309992967
1.4021819967775828	-1.6351056606983767	-5.080254082098378	0.5519471563812011
1.404835132060038	-1.6351056606983767	-5.065713257043493	0.5654064683536033
1.4074882673424933	-1.6351056606983767	-5.050822631103573	0.5788267375154496
1.4101414026249486	-1.6351056606983767	-5.035583232515683	0.5922070371616953
1.4127945379074036	-1.6351056606983767	-5.019996113600561	0.6055464433472962
1.4154476731898589	-1.6351056606983767	-5.004062350689953	0.6188440349510101
1.4181008084723141	-1.6351056606983767	-4.9877830440522875	0.6320988937390016
1.4207539437547694	-1.6351056606983767	-4.971159317816701	0.6453101044282495
1.4234070790372246	-1.6351056606983767	-4.954192319895413	0.658476754749749
1.4260602143196799	-1.6351056606983767	-4.936883221904462	0.6715979355115065
1.428713349602135	-1.6351056606983767	-4.919233219082796	0.6846727406613214
1.4313664848845902	-1.6351056606983767	-4.9012435302097455	0.6977002673493522
1.4340196201670456	-1.6351056606983767	-4.8829153975208595	0.7106796159904594
1.4366727554495007	-1.6351056606983767	-4.8642500866221265	0.7236098903263254
1.439325890731956	-1.6351056606983767	-4.845248886402582	0.736490197487343
1.4419790260144112	-1.6351056606983767	-4.825913108945306	0.7493196480542703
1.4446321612968662	-1.6351056606983767	-4.806244089436821	0.7620973561196477
1.4472852965793215	-1.6351056606983767	-4.786243186074894	0.774822439348972
1.449938431861777	-1.6351056606983767	-4.765911779974747	0.7874940190416239
1.452591567144232	-1.6351056606983767	-4.7452512750736915	0.8001112201915448
1.4552447024266872	-1.6351056606983767	-4.72426309803418	0.8126731715476583
1.4578978377091425	-1.6351056606983767	-4.702948698145293	0.8251790056740317
1.4605509729915975	-1.6351056606983767	-4.681309547222659	0.8376278590097759
1.463204108274053	-1.6351056606983767	-4.659347139506823	0.8500188719286756
1.465857243556508	-1.6351056606983767	-4.637062991560069	0.8623511887985493
1.4685103788389633	-1.6351056606983767	-4.614458642161691	0.8746239580403325
1.4711635141214185	-1.6351056606983767	-4.591535652201739	0.8868363321868821
1.4738166494038736	-1.6351056606983767	-4.568295604573239	0.8989874679414956
1.476469784686329	-1.6351056606983767	-4.544740104062883	0.9110765262361434
1.4791229199687843	-1.6351056606983767	-4.520870777240219	0.9231026722894087
1.4817760552512393	-1.6351056606983767	-4.496689272345334	0.9350650756641307
1.4844291905336946	-1.6351056606983767	-4.472197259175031	0.9469629103247496
1.4870823258161499	-1.6351056606983767	-4.447396428967533	0.9587953546943454
1.489735461098605	-1.6351056606983767	-4.422288494285695	0.9705615917113709
1.4923885963810604	-1.6351056606983767	-4.396875188898747	0.982260808886071
1.4950417316635156	-1.6351056606983767	-4.3711582676625715	0.9938921983565884
1.4976948669459706	-1.6351056606983767	-4.345139506398531	1.0054549569447475
1.500348002228426	-1.6351056606983767	-4.318820701770837	1.0169482862115167
1.5030011375108812	-1.6351056606983767	-4.292203671162487	1.0283713925121423
1.5056542727933364	-1.6351056606983767	-4.265290252549774	1.0397234870509524
1.5083074080757917	-1.6351056606983767	-4.2380823043753635	1.0510037859358243
1.510960543358247	-1.6351056606983767	-4.210581705419965	1.0622115102323153
1.513613678640702	-1.6351056606983767	-4.182790354672599	1.0733458860174496
1.5162668139231572	-1.6351056606983767	-4.154710171199464	1.08440614443316
1.5189199492056125	-1.6351056606983767	-4.126343094011424	1.0953915217393795
1.5215730844880677	-1.6351056606983767	-4.097691081930108	1.1063012593667796
1.524226219770523	-1.6351056606983767	-4.0687561134526575	1.1171346039691512
1.526879355052978	-1.6351056606983767	-4.039540186615095	1.1278908074754257
1.5295324903354333	-1.6351056606983767	-4.010045318854364	1.138569127141331
1.5321856256178885	-1.6351056606983767	-3.9802735468690154	1.1491688256006798
1.5348387609003438	-1.6351056606983767	-3.950226926478567	1.1596891709162869
1.537491896182799	-1.6351056606983767	-3.9199075324815458	1.1701294366305113
1.5401450314652543	-1.6351056606983767	-3.8893174585122177	1.1804889018154205
1.5427981667477093	-1.6351056606983767	-3.858458816896015	1.1907668511225713
1.5454513020301646	-1.6351056606983767	-3.827333738503676	1.200962574832408
1.5481044373126198	-1.6351056606983767	-3.7959443726041027	1.2110753689032687
1.550757572595075	-1.6351056606983767	-3.764292886715947	1.2211045350200036
1.5534107078775303	-1.6351056606983767	-3.732381466457939	1.2310493806421925
1.5560638431599856	-1.6351056606983767	-3.7002123153979647	1.2409092190519693
1.5587169784424406	-1.6351056606983767	-3.667787654900901	1.2506833694014399
1.5613701137248959	-1.6351056606983767	-3.6351097239752286	1.2603711567596974
1.5640232490073513	-1.6351056606983767	-3.6021807791184184	1.2699719121594277
1.5666763842898064	-1.6351056606983767	-3.569003094161119	1.2794849726431035
1.5693295195722616	-1.6351056606983767	-3.5355789601101377	1.2889096813087628
1.5719826548547169	-1.6351056606983767	-3.501910684990244	1.2982453873553703
1.574635790137172	-1.6351056606983767	-3.468000593684794	1.3074914461277565
1.5772889254196272	-1.6351056606983767	-3.433851027775189	1.3166472191611331
1.5799420607020827	-1.6351056606983767	-3.3994643453791853	1.3257120742251813
1.5825951959845377	-1.6351056606983767	-3.3648429209880586	1.3346853853677072
1.585248331266993	-1.6351056606983767	-3.32998914530264	1.3435665329578674
1.5879014665494482	-1.6351056606983767	-3.2949054250682313	1.352354903728955
1.5905546018319032	-1.6351056606983767	-3.2595941829084123	1.3610498908207473
