0.0	0.333333295924756	0.0	-1.760586709476547e-35	0.0
0.01781526295901774	0.33333329484694507	0.005938420319916984	-5.285611746296894e-5	-0.005933801548094024
0.03563052591803548	0.33333329364222736	0.011876840620632993	-0.00021126002841016496	-0.01184914235922394
0.053445788877053216	0.3333332922991954	0.017815260899887206	-0.0004747189202628787	-0.017727619146762266
0.07126105183607095	0.33333329080459073	0.02375368115521559	-0.0008424131426492116	-0.023550943311963342
0.08907631479508869	0.3333332891429802	0.029692101383917903	-0.0013131987574238	-0.02930099784179886
0.10689157775410643	0.3333332872963583	0.03563052158301898	-0.0018856110975822963	-0.03495989367296531
0.12470684071312417	0.3333332852436539	0.04156894174922287	-0.002557869323998316	-0.04051002534670741
0.1425221036721419	0.3333332829601161	0.047507361878858276	-0.0033278819658061885	-0.045934125781307344
0.16033736663115966	0.33333328041654253	0.05344578196781294	-0.004193253427192594	-0.05121531999183446
0.17815262959017739	0.333333277578303	0.05938420201145439	-0.005151291440353507	-0.056337177590024386
0.1959678925491951	0.33333327440409255	0.06532262200453322	-0.006199015441429194	-0.06128376390095103
0.21378315550821286	0.33333327084432346	0.07126104194106418	-0.007333165843358446	-0.06603968953745695
0.2315984184672306	0.3333332668390293	0.07719946181417864	-0.0085502141768027	-0.0705901582781041
0.24941368142624834	0.33333326231510113	0.08313788161593967	-0.009846374067589944	-0.07492101309968259
0.26722894438526607	0.3333332571825937	0.08907630133710794	-0.011217613016525543	-0.07901878022105337
0.2850442073442838	0.33333325132971947	0.09501472096684176	-0.012659664944920698	-0.08287071102128295
0.30285947030330157	0.33333324461595326	0.10095314049230797	-0.0141680434668066	-0.08646482170163478
0.3206747332623193	0.3333332368623638	0.10689155989817002	-0.01573805584654106	-0.08978993056799084
0.338489996221337	0.33333322783778346	0.11282997916590373	-0.01736481759838131	-0.09283569281766432
0.35630525918035477	0.3333332172385691	0.11876839827286674	-0.019043267682598373	-0.0955926327223035
0.3741205221393725	0.333333204658211	0.1247068171910074	-0.02076818425085078	-0.0980521731066484
0.3919357850983902	0.33333318954031804	0.1306452358850322	-0.022534200891823983	-0.10020666203124758
0.409751048057408	0.3333331711033278	0.1365836543097358	-0.024335823326581234	-0.10204939659582635
0.4275663110164257	0.33333314821492016	0.14252207240598946	-0.026167446501665394	-0.10357464378874819
0.4453815739754435	0.33333311917206976	0.14846049009449275	-0.0280233720267413	-0.10477765831680899
0.4631968369344612	0.3333330812922479	0.15439890726560648	-0.029897825902473495	-0.10565469735821398
0.48101209989347893	0.3333330300951155	0.16033732376190346	-0.03178497648338612	-0.10620303218947756
0.4988273628524967	0.3333329575003304	0.16627573934614148	-0.03367895261962611	-0.10642095664278406
0.5166426258115144	0.3333328473154633	0.1722141536371316	-0.03557386192077295	-0.1063077923499839
0.5344578887705321	0.3333326616683493	0.17815256596522708	-0.03746380908387336	-0.10586389070867389
0.5522731517295499	0.33333228649277974	0.18409097498611762	-0.039342914225813645	-0.10509063140305434
0.5700884146885676	0.33333114626855226	0.19002937732351452	-0.041205331152201756	-0.10399041675531824
0.5879036776475853	0.22632821831405767	0.19596775934888516	-0.04304526543619962	-0.10256665603788485
0.6057189406066031	2.339971986091868e-6	0.19999985607011045	-0.04484002537647516	-0.09891899638756169
0.6235342035656208	1.2131473648946402e-6	0.19999989775740382	-0.04653117186928969	-0.09093466972679605
0.6413494665246386	8.420664709669708e-7	0.19999991936974806	-0.048077555265185014	-0.08266741511695022
0.6591647294836563	6.598693087379252e-7	0.1999999343711733	-0.0494743643555881	-0.07414296636183669
0.676979992442674	5.53603203689179e-7	0.1999999461267239	-0.0507172534240495	-0.06538784733378072
0.6947952554016918	4.857407300432897e-7	0.19999995598913253	-0.05180235565845011	-0.056429297535282086
0.7126105183607095	4.402995979989686e-7	0.19999996464256692	-0.0527262951572225	-0.047295188696589205
0.7304257813197272	4.094011005916e-7	0.1999999724864659	-0.05348619742367185	-0.03801393844717842
0.748241044278745	3.8880294149500686e-7	0.1999999797799076	-0.05407969830507185	-0.028614422049598128
0.7660563072377629	3.761275508382796e-7	0.19999998670639302	-0.05450495134588526	-0.01912588263004282
0.7838715701967804	3.700780533731434e-7	0.1999999934070664	-0.054760633531243115	-0.009577840232923778
0.8016868331557983	3.7007805341490974e-7	0.199999999999968	-0.054845949402408785	4.053042136703474e-14
0.819502096114816	3.761275508921314e-7	0.20000000659286965	-0.054760633531241686	0.009577840233004712
0.8373173590738338	3.888029413024339e-7	0.200000013293543	-0.05450495134588241	0.019125882630123384
0.8551326220328515	4.094010995360267e-7	0.2000000202200284	-0.054079698305067585	0.028614422049678085
0.8729478849918691	4.4029959464029407e-7	0.20000002751347012	-0.05348619742366618	0.038013938447257534
0.890763147950887	4.857407208065606e-7	0.20000003535736902	-0.052726295157215435	0.04729518869666729
0.9085784109099047	5.536031787373417e-7	0.20000004401080324	-0.05180235565844168	0.056429297535359
0.9263936738689224	6.598692368682291e-7	0.2000000538732114	-0.05071725342403973	0.06538784733385652
0.9442089368279402	8.420662334230351e-7	0.2000000656287607	-0.04947436435557699	0.074142966361912
0.9620241997869579	1.2131464393609968e-6	0.20000008063018163	-0.04807755526517256	0.0826674151170278
0.9798394627459757	2.339976035339869e-6	0.20000010224250916	-0.04653117186927573	0.09093466972688805
0.9976547257049934	0.22632821836232558	0.2000001439298751	-0.044840025376460244	0.09891899638757859
1.015469988664011	0.3333311462222904	0.2040322406519525	-0.04304526543619194	0.1025666560370477
1.0332852516230289	0.33333228649176494	0.20997062267650554	-0.04120533115220166	0.10399041675529802
1.0511005145820467	0.3333326616682014	0.21590902501388468	-0.039342914225813735	0.10509063140305189
1.0689157775410643	0.3333328473154345	0.22184743403477267	-0.03746380908387348	0.10586389070867398
1.086731040500082	0.3333329575003266	0.2277858463628677	-0.03557386192077306	0.1063077923499845
1.1045463034590999	0.3333330300951181	0.23372426065385776	-0.0336789526196262	0.10642095664278473
1.1223615664181175	0.33333308129225203	0.23966267623809584	-0.031784976483386206	0.10620303218947819
1.1401768293771353	0.3333331191720739	0.2456010927343929	-0.029897825902473564	0.10565469735821452
1.157992092336153	0.333333148214924	0.2515395099055067	-0.028023372026741364	0.10477765831680946
1.1758073552951707	0.33333317110333116	0.25747792759401006	-0.026167446501665446	0.1035746437887486
1.1936226182541885	0.33333318954032093	0.2634163456902638	-0.024335823326581282	0.10204939659582671
1.2114378812132063	0.33333320465821353	0.26935476411496745	-0.022534200891824025	0.1002066620312479
1.229253144172224	0.3333332172385713	0.2752931828089923	-0.020768184250850814	0.09805217310664868
1.2470684071312417	0.33333322783778535	0.281231601727133	-0.019043267682598404	0.09559263272230374
1.2648836700902595	0.3333332368623655	0.28717002083409604	-0.017364817598381335	0.09283569281766453
1.2826989330492773	0.3333332446159547	0.2931084401018298	-0.01573805584654108	0.08978993056799103
1.3005141960082949	0.33333325132972075	0.2990468595076919	-0.01416804346680662	0.08646482170163494
1.3183294589673127	0.3333332571825948	0.3049852790331581	-0.012659664944920714	0.08287071102128309
1.3361447219263305	0.33333326231510213	0.31092369866289193	-0.011217613016525557	0.07901878022105349
1.353959984885348	0.3333332668390302	0.31686211838406025	-0.009846374067589956	0.0749210130996827
1.3717752478443659	0.33333327084432424	0.3228005381858213	-0.00855021417680271	0.07059015827810419
1.3895905108033837	0.33333327440409327	0.32873895805893577	-0.007333165843358453	0.06603968953745704
1.4074057737624013	0.33333327757830367	0.3346773779954667	-0.0061990154414292	0.0612837639009511
1.425221036721419	0.33333328041654314	0.3406157979885456	-0.005151291440353512	0.05633717759002445
1.443036299680437	0.33333328296011666	0.346554218032187	-0.004193253427192597	0.05121531999183451
1.4608515626394545	0.3333332852436544	0.3524926381211417	-0.0033278819658061915	0.04593412578130739
1.4786668255984725	0.33333328729635875	0.3584310582507771	-0.002557869323998318	0.040510025346707446
1.49648208855749	0.3333332891429806	0.36436947841698103	-0.0018856110975822979	0.03495989367296534
1.5142973515165077	0.33333329080459106	0.3703078986160821	-0.001313198757423801	0.029300997841798883
1.5321126144755257	0.3333332922991957	0.37624631884478443	-0.0008424131426492123	0.023550943311963363
1.5499278774345433	0.33333329364222763	0.3821847391001128	-0.00047471892026287903	0.01772761914676228
1.5677431403935609	0.33333329484694535	0.38812315937936703	-0.00021126002841016512	0.011849142359223947
1.585558403352579	0.33333329592475625	0.39406157968008304	-5.285611746296898e-5	0.0059338015480940275
1.6033736663115965	NaN	0.4	2.5651770028566006e-36	0.0
